# Dynamical matrix (atomic units)
0.00026176245805193684 3.619102041000838e-05 -0.00012943034623056276 -0.00024297502756578156 -6.794575009230468e-06 0.00011299339357376237 2.287425179349355e-05 6.51283633070422e-05 -3.977098734249717e-05 1.5152978201111126e-06 -4.87362308289474e-05 9.7223893036285e-06 -8.525329218243047e-06 -3.7400461294207586e-05 -2.094290187104953e-05 -0.00011204885871446334 -0.0001130673924529178 6.215237436939177e-05 1.0639090021342564e-05 -8.745314473086133e-06 5.5835845697981266e-05 -5.2581141597132745e-06 0.0001386668925818265 1.2674747099303159e-05 -2.7053783965807177e-06 -7.095238870348566e-06 4.867194154322158e-05 4.200732503160228e-05 9.466271234887425e-06 3.909936248047347e-05
3.619102041000838e-05 -5.029192433083474e-05 -1.352210992151302e-05 -1.6564697839564745e-05 4.9731174172776776e-05 6.048117084311391e-06 -7.699864493802922e-06 1.128665390001143e-06 -1.412535896102134e-05 -1.4513665523390868e-06 -1.6151549134843093e-06 -7.176361353252785e-06 -1.0596364143110391e-05 2.391711317286286e-06 -1.4456537774119844e-05 -1.9922755690224657e-05 -3.928060193824164e-05 2.9691380918126784e-05 -6.571797590358036e-06 -1.7942612239495638e-05 -1.8278775580257102e-05 3.992056009269113e-05 6.587152370209965e-05 3.277189519912701e-05 1.6980608365745503e-05 -1.98246642875859e-06 1.7774826890268252e-05 3.96235916283443e-06 4.622236897982813e-06 1.8027537700667932e-05
-0.00012943034623056276 -1.352210992151302e-05 -1.3976954549216676e-06 9.3692367708334e-05 -1.1511493378227218e-06 2.2124887530774846e-05 -7.783045786559919e-06 -2.129986213391516e-05 1.064330368502657e-06 9.86276948918708e-06 1.7455195253291255e-05 -1.5917257335434876e-05 7.789335696373817e-06 7.3700153210991305e-06 5.626745656037526e-06 5.414117683791313e-06 2.3010403852078686e-06 -3.252660649222552e-07 -1.1608770605500199e-05 5.3039995537844515e-06 -4.827237542323513e-06 -3.017529830960042e-06 -4.4110127381191156e-05 -5.2577433331927634e-05 -2.192474708886115e-05 -1.7292042521039075e-05 -6.835277077693444e-05 4.2665669292153257e-07 7.909795461171214e-07 8.95712748891623e-07
-0.00024297502756578156 -1.6564697839564745e-05 9.3692367708334e-05 0.0002357892694223851 4.3110669380008363e-07 -0.0001086987712800805 -2.1585756590872907e-05 -5.357857326382464e-05 3.574692031100351e-05 4.599309928768902e-06 6.111797713788308e-05 1.536313252056593e-05 -1.0197742352094375e-05 1.9645980288307623e-05 1.053781391197411e-05 4.237818301522099e-05 1.4941576447983963e-05 -3.4604518457127438e-06 1.6103603439569944e-05 4.727436701938027e-06 -1.806035084629814e-05 3.039584639441782e-05 -4.422125100054938e-05 -6.821185877345591e-05 -4.647385010087616e-06 -1.4230065737148876e-05 -1.569225452325831e-05 -2.4624514017715304e-05 -3.5657663637549586e-06 -2.3618294042791316e-05
-6.794575009230468e-06 4.9731174172776776e-05 -1.1511493378227218e-06 4.3110669380008363e-07 -5.205581993922141e-05 7.332110005842284e-07 7.699673242729276e-06 3.430190225419618e-06 -3.886506972082482e-06 -1.8752877669776568e-06 6.20494992253332e-06 -9.870617857414288e-06 2.4811121068371323e-06 -4.363917874281957e-06 -1.1023922916263113e-06 -1.7673433447964025e-06 5.939423294858929e-06 1.5110971401837475e-06 1.4396118606626259e-05 1.5296791933542043e-05 1.373224484126889e-05 -2.5458508234861487e-06 -3.277234221617077e-05 -2.879559264160638e-05 -2.4997459140396257e-05 -3.1157631276436625e-06 -2.592773804751862e-07 3.932528215476315e-06 3.2227192032735005e-06 -1.598400684574973e-06
0.00011299339357376237 6.048117084311391e-06 2.2124887530774846e-05 -0.0001086987712800805 7.332110005842284e-07 -1.2985345926814463e-05 1.4405625520614676e-05 1.6604054486480725e-05 -5.343573983497323e-06 -4.723027347554562e-06 -1.4930702548405205e-05 -1.0361586955433734e-07 1.41654732596286e-05 -6.810122566273267e-06 -7.536999014066885e-06 -1.0058669074939357e-05 -9.800909266462705e-07 -4.700339746983898e-06 -1.320089025418516e-05 2.6570860555464627e-06 6.89825974528525e-07 -3.0167740988479584e-05 -1.3621328125519259e-06 1.2651292560736352e-05 -1.9858513904683956e-05 5.140199625939404e-06 5.364286381378481e-06 1.1793799819385671e-05 7.310235499630616e-06 5.106791769645829e-06
2.287425179349355e-05 -7.699864493802922e-06 -7.783045786559919e-06 -2.1585756590872907e-05 7.699673242729276e-06 1.4405625520614676e-05 5.777765437044449e-05 -1.4957297449432993e-06 7.780097989248958e-07 -6.774630520208356e-05 -3.6394917969625285e-05 1.4314325117695951e-05 2.2341261783193723e-05 2.0594048866150458e-05 6.475521327109456e-06 1.7459779678696243e-05 4.799087485944183e-06 -2.3074426397259352e-05 -3.9589498485933436e-05 -7.578601049894385e-06 -1.5325911170088856e-05 -7.705163918816935e-06 -4.906708312743523e-05 1.1251576717743639e-05 -1.7991525017740093e-05 -4.491890360701683e-06 8.467708620210285e-07 -1.07523689219133e-05 3.535762450935751e-06 -2.050003623591915e-07
6.51283633070422e-05 1.128665390001143e-06 -2.129986213391516e-05 -5.357857326382464e-05 3.430190225419618e-06 1.6604054486480725e-05 -1.4957297449432993e-06 -2.4234270814270083e-05 2.249555910589642e-05 4.302456026727531e-07 -1.7121683132897628e-07 1.1851465676131632e-05 2.2454223015558337e-05 2.0434318131759334e-05 8.270677435519236e-06 3.179256125130447e-05 1.8194874164652197e-05 -2.2876782962211063e-05 -4.027059169953503e-05 -9.070090171491748e-06 -1.585344502386293e-05 -1.6197860245847037e-05 -4.697998390039578e-06 1.7642685988898618e-05 -1.0473252323913933e-05 -1.63454641848411e-05 9.598152965560266e-06 -2.287354885441421e-06 7.40965701271377e-06 8.951630673495032e-06
-3.977098734249717e-05 -1.412535896102134e-05 1.064330368502657e-06 3.574692031100351e-05 -3.886506972082482e-06 -5.343573983497323e-06 7.780097989248958e-07 2.249555910589642e-05 9.744438688718107e-06 1.8075930883259082e-05 4.6542429767993155e-05 1.599300492432797e-05 -8.244260506289823e-05 -6.245655772684358e-05 -5.289926746109268e-05 -2.837293325323836e-05 5.186928601588741e-06 1.2438917347512265e-05 0.00014371508345169178 3.9447078295244e-05 6.327398801990168e-05 -5.52914650984326e-06 7.710987592898898e-07 -2.6326071936088933e-05 -4.039462728449815e-05 -1.6939860316777445e-05 6.180684176164288e-06 -6.388830683195245e-08 3.5909302835569975e-06 -1.6342038474026042e-05
1.5152978201111126e-06 -1.4513665523390868e-06 9.86276948918708e-06 4.599309928768902e-06 -1.8752877669776568e-06 -4.723027347554562e-06 -6.774630520208356e-05 4.302456026727531e-07 1.8075930883259082e-05 0.00011858046690124838 8.587276676066532e-06 -6.352234317314947e-06 3.870815512419849e-06 8.741892834229878e-06 -1.0319571171909587e-06 4.5792672193768236e-05 8.077329353576722e-05 -4.220609243527441e-05 1.083171116004679e-06 8.652019493254007e-06 1.4187917107912807e-05 -0.00010635641389452 -6.628722314552693e-05 2.2199053657143167e-05 -4.098256328258161e-05 6.048265496383314e-06 -2.243569790095085e-05 1.5612193544262362e-05 7.718086642212972e-06 -1.8099535377718013e-05
-4.87362308289474e-05 -1.6151549134843093e-06 1.7455195253291255e-05 6.111797713788308e-05 6.20494992253332e-06 -1.4930702548405205e-05 -3.6394917969625285e-05 -1.7121683132897628e-07 4.6542429767993155e-05 8.587276676066532e-06 -3.078606859405523e-05 1.64407388155852e-05 -1.6314402403335968e-05 1.846309820881967e-05 6.6533048308212826e-06 3.0129529213265382e-05 4.627966946254355e-05 -2.8050639295254962e-05 -1.0955865712137013e-05 -1.0786951819170018e-05 1.8165195652666689e-06 -9.224998558834265e-06 -3.896749601323021e-05 7.568924914102986e-05 6.720368032833352e-05 9.67683581507139e-06 -2.9973886210445318e-05 -2.3957236552553642e-05 -3.5000910849414136e-06 -3.157526002915002e-05
9.7223893036285e-06 -7.176361353252785e-06 -1.5917257335434876e-05 1.536313252056593e-05 -9.870617857414288e-06 -1.0361586955433734e-07 1.4314325117695951e-05 1.1851465676131632e-05 1.599300492432797e-05 -6.352234317314947e-06 1.64407388155852e-05 -9.596603217670261e-06 -3.2000759428313426e-05 -5.237626461876326e-06 -8.082782010872333e-06 -3.943813604576084e-05 -2.271437876699404e-05 2.4022746741189132e-05 2.5909573578147196e-05 1.3280089688895669e-05 2.8885217413488697e-05 1.9031381638615642e-05 2.9596047663633354e-05 -2.7436789441006746e-05 -1.2253533339108518e-05 -1.5433858377830166e-05 2.598797870307038e-06 -9.374706649782257e-06 -1.0865087732142116e-05 6.529429473965207e-06
-8.525329218243047e-06 -1.0596364143110391e-05 7.789335696373817e-06 -1.0197742352094375e-05 2.4811121068371323e-06 1.41654732596286e-05 2.2341261783193723e-05 2.2454223015558337e-05 -8.244260506289823e-05 3.870815512419849e-06 -1.6314402403335968e-05 -3.2000759428313426e-05 3.2156208762149205e-05 1.7349066574371148e-06 3.716117274615013e-06 1.9552424455376525e-05 5.9333299570773105e-05 6.854465241824929e-06 -5.430546606993284e-06 2.264978304228412e-05 1.3832429100518602e-05 -9.906405192463661e-05 -0.00010000120286142008 -2.8799215038472678e-05 -6.476390387935037e-05 1.3886066118156342e-05 -2.6075793562160124e-05 2.9578472781467052e-05 1.9186355225449068e-05 3.529772329817775e-07
-3.7400461294207586e-05 2.391711317286286e-06 7.3700153210991305e-06 1.9645980288307623e-05 -4.363917874281957e-06 -6.810122566273267e-06 2.0594048866150458e-05 2.0434318131759334e-05 -6.245655772684358e-05 8.741892834229878e-06 1.846309820881967e-05 -5.237626461876326e-06 1.7349066574371148e-06 -9.440345534485047e-06 3.462303598772371e-06 9.790085165344369e-06 2.734205180011048e-05 1.746205530447715e-05 1.8123222885344098e-05 -5.841227375614589e-07 2.5503134335010187e-05 -6.219311612301311e-05 -4.148888279749505e-05 -3.226396819828771e-05 -2.5043313579260354e-05 1.5267153702542093e-05 -2.3661209556753304e-05 1.4397915137016726e-05 2.1727907159735548e-06 -4.170716028097274e-06
-2.094290187104953e-05 -1.4456537774119844e-05 5.626745656037526e-06 1.053781391197411e-05 -1.1023922916263113e-06 -7.536999014066885e-06 6.475521327109456e-06 8.270677435519236e-06 -5.289926746109268e-05 -1.0319571171909587e-06 6.6533048308212826e-06 -8.082782010872333e-06 3.716117274615013e-06 3.462303598772371e-06 1.4095153990207597e-05 2.2184725336958813e-05 4.6749884011242926e-05 1.4141429953070858e-05 1.420406444228292e-05 7.1468096805980225e-06 1.6394744989776702e-05 -4.2109638804461523e-05 -6.653836527947384e-05 -2.8397194424031866e-05 -2.4359651406871134e-05 1.107402380808219e-05 -3.5337139982745356e-05 1.2402759615421942e-05 5.520850909941767e-06 -8.789748686100788e-06
-0.00011204885871446334 -1.9922755690224657e-05 5.414117683791313e-06 4.237818301522099e-05 -1.7673433447964025e-06 -1.0058669074939357e-05 1.7459779678696243e-05 3.179256125130447e-05 -2.837293325323836e-05 4.5792672193768236e-05 3.0129529213265382e-05 -3.943813604576084e-05 1.9552424455376525e-05 9.790085165344369e-06 2.2184725336958813e-05 -2.829788723613154e-06 7.075217636452885e-05 6.9297190781737975e-06 1.6022483803364836e-05 1.7860187736140583e-05 6.830600432172061e-05 -0.00010678820749580023 -0.00016520014978375764 -0.00012860852408939016 -4.401141775345765e-05 -7.191072209957838e-07 -2.3293363850873478e-05 2.0914541043967275e-05 -8.279736736996262e-06 -1.7480849844149839e-06
-0.0001130673924529178 -3.928060193824164e-05 2.3010403852078686e-06 1.4941576447983963e-05 5.939423294858929e-06 -9.800909266462705e-07 4.799087485944183e-06 1.8194874164652197e-05 5.186928601588741e-06 8.077329353576722e-05 4.627966946254355e-05 -2.271437876699404e-05 5.9333299570773105e-05 2.734205180011048e-05 4.6749884011242926e-05 7.075217636452885e-05 0.00012150150817542058 -3.924742186922092e-05 -1.3499663407442276e-05 1.5008872401888685e-05 6.270564447624188e-05 -0.00019956623076065788 -0.00023685519147379272 -0.0001983794035923939 -8.720225340025925e-05 -7.505666925996857e-06 -4.7700833299596705e-05 1.3901219517176842e-05 2.142955570013549e-06 -1.7291374128060618e-05
6.215237436939177e-05 2.9691380918126784e-05 -3.252660649222552e-07 -3.4604518457127438e-06 1.5110971401837475e-06 -4.700339746983898e-06 -2.3074426397259352e-05 -2.2876782962211063e-05 1.2438917347512265e-05 -4.220609243527441e-05 -2.8050639295254962e-05 2.4022746741189132e-05 6.854465241824929e-06 1.746205530447715e-05 1.4141429953070858e-05 6.9297190781737975e-06 -3.924742186922092e-05 -1.8707103527084555e-05 -5.7235781694296406e-05 -3.6641362830702756e-05 -6.23120113758743e-05 0.00011017431794514046 0.00011568635979587711 0.00016161211270800967 0.00010173397607343276 2.6424645869160295e-05 1.5904113324989552e-05 -3.316033507988693e-05 -6.660068009723369e-06 -7.169032506783519e-06
1.0639090021342564e-05 -6.571797590358036e-06 -1.1608770605500199e-05 1.6103603439569944e-05 1.4396118606626259e-05 -1.320089025418516e-05 -3.9589498485933436e-05 -4.027059169953503e-05 0.00014371508345169178 1.083171116004679e-06 -1.0955865712137013e-05 2.5909573578147196e-05 -5.430546606993284e-06 1.8123222885344098e-05 1.420406444228292e-05 1.6022483803364836e-05 -1.3499663407442276e-05 -5.7235781694296406e-05 -2.2353571036697658e-05 -1.607554241379008e-05 -1.817562271083662e-05 8.2920434794893e-05 2.2689434708143955e-05 8.933552603053807e-05 7.95781597445958e-05 4.839458100676844e-07 2.0828062910501554e-05 -5.8431706113656055e-05 -1.548775036113359e-05 -2.6893369463255293e-05
-8.745314473086133e-06 -1.7942612239495638e-05 5.3039995537844515e-06 4.727436701938027e-06 1.5296791933542043e-05 2.6570860555464627e-06 -7.578601049894385e-06 -9.070090171491748e-06 3.9447078295244e-05 8.652019493254007e-06 -1.0786951819170018e-05 1.3280089688895669e-05 2.264978304228412e-05 -5.841227375614589e-07 7.1468096805980225e-06 1.7860187736140583e-05 1.5008872401888685e-05 -3.6641362830702756e-05 -1.607554241379008e-05 3.701264572409476e-06 -1.4169246980724932e-05 -7.565161479991806e-06 -4.550125692838373e-05 1.6869883736454283e-05 1.0355405343265522e-05 2.2377228220074403e-05 1.4232017733619695e-05 -1.2873425301185102e-05 2.253379568664172e-06 -1.5015008886596113e-05
5.5835845697981266e-05 -1.8278775580257102e-05 -4.827237542323513e-06 -1.806035084629814e-05 1.373224484126889e-05 6.89825974528525e-07 -1.5325911170088856e-05 -1.585344502386293e-05 6.327398801990168e-05 1.4187917107912807e-05 1.8165195652666689e-06 2.8885217413488697e-05 1.3832429100518602e-05 2.5503134335010187e-05 1.6394744989776702e-05 6.830600432172061e-05 6.270564447624188e-05 -6.23120113758743e-05 -1.817562271083662e-05 -1.4169246980724932e-05 -7.280517295795059e-06 -4.524286158769457e-06 -5.587247344973683e-05 7.019335598394653e-05 6.8023083000574705e-06 -2.2237612394663843e-06 -1.7732190865275562e-05 -2.0467898817704176e-05 2.3732306158118855e-06 -3.287575180318104e-05
-5.2581141597132745e-06 3.992056009269113e-05 -3.017529830960042e-06 3.039584639441782e-05 -2.5458508234861487e-06 -3.0167740988479584e-05 -7.705163918816935e-06 -1.6197860245847037e-05 -5.52914650984326e-06 -0.00010635641389452 -9.224998558834265e-06 1.9031381638615642e-05 -9.906405192463661e-05 -6.219311612301311e-05 -4.2109638804461523e-05 -0.00010678820749580023 -0.00019956623076065788 0.00011017431794514046 8.2920434794893e-05 -7.565161479991806e-06 -4.524286158769457e-06 0.00023203801019471587 0.0003357921026970527 0.00010813059170983877 0.00015610805210053988 7.5707049238417775e-06 3.56640665495109e-05 -2.4179942639477607e-05 -3.0623539182560546e-05 1.4866119059232765e-05
0.0001386668925818265 6.587152370209965e-05 -4.4110127381191156e-05 -4.422125100054938e-05 -3.277234221617077e-05 -1.3621328125519259e-06 -4.906708312743523e-05 -4.697998390039578e-06 7.710987592898898e-07 -6.628722314552693e-05 -3.896749601323021e-05 2.9596047663633354e-05 -0.00010000120286142008 -4.148888279749505e-05 -6.653836527947384e-05 -0.00016520014978375764 -0.00023685519147379272 0.00011568635979587711 2.2689434708143955e-05 -4.550125692838373e-05 -5.587247344973683e-05 0.0003357921026970527 0.0004810898018538454 0.0001974648136535368 0.0001343270905811228 -2.2353900134534368e-05 9.299574514285954e-05 -3.653592326091252e-05 -2.327097263886805e-05 4.938722833727905e-05
1.2674747099303159e-05 3.277189519912701e-05 -5.2577433331927634e-05 -6.821185877345591e-05 -2.879559264160638e-05 1.2651292560736352e-05 1.1251576717743639e-05 1.7642685988898618e-05 -2.6326071936088933e-05 2.2199053657143167e-05 7.568924914102986e-05 -2.7436789441006746e-05 -2.8799215038472678e-05 -3.226396819828771e-05 -2.8397194424031866e-05 -0.00012860852408939016 -0.0001983794035923939 0.00016161211270800967 8.933552603053807e-05 1.6869883736454283e-05 7.019335598394653e-05 0.00010813059170983877 0.0001974648136535368 -0.00024540032062346485 -4.941258235036519e-05 -6.322269584172976e-05 5.9140582550009174e-05 1.1079807532733704e-05 -2.281612312612279e-05 3.4408301539245437e-05
-2.7053783965807177e-06 1.6980608365745503e-05 -2.192474708886115e-05 -4.647385010087616e-06 -2.4997459140396257e-05 -1.9858513904683956e-05 -1.7991525017740093e-05 -1.0473252323913933e-05 -4.039462728449815e-05 -4.098256328258161e-05 6.720368032833352e-05 -1.2253533339108518e-05 -6.476390387935037e-05 -2.5043313579260354e-05 -2.4359651406871134e-05 -4.401141775345765e-05 -8.720225340025925e-05 0.00010173397607343276 7.95781597445958e-05 1.0355405343265522e-05 6.8023083000574705e-06 0.00015610805210053988 0.0001343270905811228 -4.941258235036519e-05 -7.282151239824135e-05 -5.403950797134419e-05 -2.0720666786453673e-05 -1.0237134835634134e-05 -1.3635645486179343e-05 2.2622543957575185e-05
-7.095238870348566e-06 -1.98246642875859e-06 -1.7292042521039075e-05 -1.4230065737148876e-05 -3.1157631276436625e-06 5.140199625939404e-06 -4.491890360701683e-06 -1.63454641848411e-05 -1.6939860316777445e-05 6.048265496383314e-06 9.67683581507139e-06 -1.5433858377830166e-05 1.3886066118156342e-05 1.5267153702542093e-05 1.107402380808219e-05 -7.191072209957838e-07 -7.505666925996857e-06 2.6424645869160295e-05 4.839458100676844e-07 2.2377228220074403e-05 -2.2237612394663843e-06 7.5707049238417775e-06 -2.2353900134534368e-05 -6.322269584172976e-05 -5.403950797134419e-05 -4.557535357808186e-05 1.2372222712310817e-05 4.111523633395641e-06 -6.734153219782664e-07 9.634267228948172e-07
4.867194154322158e-05 1.7774826890268252e-05 -6.835277077693444e-05 -1.569225452325831e-05 -2.592773804751862e-07 5.364286381378481e-06 8.467708620210285e-07 9.598152965560266e-06 6.180684176164288e-06 -2.243569790095085e-05 -2.9973886210445318e-05 2.598797870307038e-06 -2.6075793562160124e-05 -2.3661209556753304e-05 -3.5337139982745356e-05 -2.3293363850873478e-05 -4.7700833299596705e-05 1.5904113324989552e-05 2.0828062910501554e-05 1.4232017733619695e-05 -1.7732190865275562e-05 3.56640665495109e-05 9.299574514285954e-05 5.9140582550009174e-05 -2.0720666786453673e-05 1.2372222712310817e-05 0.0002247363015276338 1.2956704439886915e-05 3.541272404274136e-06 2.1494381717213334e-05
4.200732503160228e-05 3.96235916283443e-06 4.2665669292153257e-07 -2.4624514017715304e-05 3.932528215476315e-06 1.1793799819385671e-05 -1.07523689219133e-05 -2.287354885441421e-06 -6.388830683195245e-08 1.5612193544262362e-05 -2.3957236552553642e-05 -9.374706649782257e-06 2.9578472781467052e-05 1.4397915137016726e-05 1.2402759615421942e-05 2.0914541043967275e-05 1.3901219517176842e-05 -3.316033507988693e-05 -5.8431706113656055e-05 -1.2873425301185102e-05 -2.0467898817704176e-05 -2.4179942639477607e-05 -3.653592326091252e-05 1.1079807532733704e-05 -1.0237134835634134e-05 4.111523633395641e-06 1.2956704439886915e-05 2.37252297443512e-05 1.2831192864801667e-05 5.1304799996880985e-06
9.466271234887425e-06 4.622236897982813e-06 7.909795461171214e-07 -3.5657663637549586e-06 3.2227192032735005e-06 7.310235499630616e-06 3.535762450935751e-06 7.40965701271377e-06 3.5909302835569975e-06 7.718086642212972e-06 -3.5000910849414136e-06 -1.0865087732142116e-05 1.9186355225449068e-05 2.1727907159735548e-06 5.520850909941767e-06 -8.279736736996262e-06 2.142955570013549e-06 -6.660068009723369e-06 -1.548775036113359e-05 2.253379568664172e-06 2.3732306158118855e-06 -3.0623539182560546e-05 -2.327097263886805e-05 -2.281612312612279e-05 -1.3635645486179343e-05 -6.734153219782664e-07 3.541272404274136e-06 1.2831192864801667e-05 5.118154488539522e-06 1.4558911039353377e-06
3.909936248047347e-05 1.8027537700667932e-05 8.95712748891623e-07 -2.3618294042791316e-05 -1.598400684574973e-06 5.106791769645829e-06 -2.050003623591915e-07 8.951630673495032e-06 -1.6342038474026042e-05 -1.8099535377718013e-05 -3.157526002915002e-05 6.529429473965207e-06 3.529772329817775e-07 -4.170716028097274e-06 -8.789748686100788e-06 -1.7480849844149839e-06 -1.7291374128060618e-05 -7.169032506783519e-06 -2.6893369463255293e-05 -1.5015008886596113e-05 -3.287575180318104e-05 1.4866119059232765e-05 4.938722833727905e-05 3.4408301539245437e-05 2.2622543957575185e-05 9.634267228948172e-07 2.1494381717213334e-05 5.1304799996880985e-06 1.4558911039353377e-06 1.1788594581160941e-05
