# Eigenvector  matrix (normalized)
-0.14606823792790774 0.04482378771236178 -0.2347069024652193 0.20604610075888646 0.08733867304560587 -0.12471459330615065 0.06047287625543267 0.07250242265148227 0.27765782787288834 -0.24400649173506395 -0.003940967988532126 -0.04424130551444186 -0.1127975695794265 -0.09486678548006534 -0.03066158029074892 -0.12385976466682723 -0.1385253288660648 -0.07759406709222887 0.003813906930911355 0.09936063022454053 0.1977858390812659 0.16203219690789014 -0.34575956450236944 -0.13712625734328646 0.030058815452780264 -0.046394586458735496 0.1608807399747267 -0.027500875035228665 0.5914591107658577 -0.228175523209611
0.016072515267583187 -0.007975275687381135 0.004721311858849997 0.26532700425729894 -0.6738093680073558 0.1693117546716621 -0.05264856188900447 0.00719444390833638 -0.04720097430144646 0.054229649285128134 -0.1662148743304335 0.168235442763491 -0.3549645857089536 0.009316813475491362 0.04130986833869278 0.2669890523889116 -0.07243877515305222 -0.15116390247709538 0.08325767949200266 0.21350821704056358 -0.23907403739789684 0.1358619660314045 -0.06976843225133443 0.03273594710017608 -0.027215703377006545 0.10094155135249391 -0.037020938127534306 0.03360807978108948 0.02586857695938538 -0.08546206208321261
-0.07941229683159068 -0.08767456067602199 -0.08170323723845203 0.5788551684558407 0.15765000791615932 -0.19297583316104736 -0.035408658673392136 -0.10475955643164644 0.1324593462417088 -0.007449164231056506 -0.011171526598173682 0.02534749010874271 -0.18240945713029 0.19529713577757246 0.3380170870144341 -0.23819094307665403 0.14977046518096207 0.2401974893073771 0.08267946910262476 -0.05216224023766043 -0.12900729087576285 -0.03171215883239561 0.02231563573578963 0.125005492783255 0.3196841841983721 0.07736298290171109 0.032507391390890025 0.16674895406302384 -0.20426127841563582 0.08330863282974094
-0.05478092479846972 -0.11952088393021514 0.038707597947119865 -0.19780566690364285 -0.07554736447010785 -0.03379515126336878 0.09071257525406885 0.08349372713920075 0.2159652755477333 -0.25892850775385085 -0.059157263245029505 0.019159057677020776 -0.09496840959987672 -0.09057833325651835 0.009893313265866503 -0.12166770678617213 -0.18126505032225088 -0.09290018420461711 0.0670840154945222 0.030117605783288023 0.17111675349941116 0.1193389707667589 -0.43116044692516975 -0.2765485904138896 0.16138001373520172 0.10853942025153748 -0.17426347272726309 -0.05851468849012847 -0.5762895948352168 0.11764892391038378
-0.06674900524860487 0.013428506155352928 0.08924217131371891 -0.16198450619645374 0.6187749307117949 0.028556638712133615 -0.07781167346684598 -0.04108590900465207 -0.07080991379590833 0.05953698663513363 -0.3023905002588938 0.17429992099074476 -0.46128205820071033 0.04623907138088413 0.03932259611115552 0.329461814219649 -0.12663270454112535 -0.1413782197001154 0.09236792926568099 0.09984877374544533 -0.15392504003424526 0.09791169867099966 -0.08605501008223859 0.12081591030450006 -0.002386831897455042 -0.05761918353675953 -0.018023937274804027 -0.013767821286639113 0.007583991830392388 0.025027125067007227
0.024470358438986737 0.010981197731884537 0.14665682538445904 -0.5355428551914623 -0.15848302421027172 0.2754183356886409 0.16496851001936919 -0.09966165125104906 0.30103156962131883 -0.12262304712976327 0.02472822749842664 0.07654655577522308 -0.22299283296445668 0.16033839881919854 0.26830393940050884 -0.21242908687402545 0.1882084503644486 0.27728494678728544 0.12251949567553581 0.04202717550454944 -0.09017490158997721 -0.0649297107326966 0.04300568539463213 0.11542090698801154 0.1723507384706656 -0.05213919959733607 0.05698341151759886 0.04177005497219516 0.23187755721447392 -0.019611331204072057
0.07613110018701015 -0.08086305629744675 0.07498196269911893 0.09403015408251687 0.0292415873322744 0.020949098873999334 0.20725413946909177 0.14784574024325314 0.24199254666706102 0.053762429415320216 0.052880795638404074 0.11259642621374003 0.1371789968521697 -0.18837271505831443 0.19013632854628637 0.3053134365813434 0.020475886052856003 -0.06568203278961769 -0.26651670375702746 -0.1530372488092114 -0.309331594296682 -0.2070512939561748 -0.06771108969692573 -0.2955818028819069 0.16717295474862534 -0.4503179057767607 -0.2149111264524881 0.18155081707175383 0.0788263036372311 0.02665292139471294
0.08867143951282441 -0.21460837675315889 0.17068704971604393 0.006617480852312791 -0.037190505375620804 -0.27556496286696724 0.17705535605621306 -0.3300493567513236 -0.17663265584398194 -0.3344402860174739 -0.3406303080725486 0.19519684529252143 0.36199317641543094 0.15571513408429416 0.11032088961788533 0.11289597407009394 -0.1969879747154826 0.14400069797492654 0.25595747944892794 0.07968389532835427 -0.05347881834303043 0.0623493963594004 0.1247609025681074 -0.21820426586042593 -0.04171087246858002 0.005891480758892104 0.008973069824045225 -0.014549344760708799 0.13602661904186647 0.004443321635193438
-0.19599679740546172 0.4436603977152456 0.13911230446878725 0.034151009709326566 -0.052893220602511073 -0.08738095171099795 -0.10519201211527655 0.22454954654799136 -0.17447246494752647 -0.171915636297188 0.1659409818761806 0.31161362495071515 0.08780253550882036 -0.07128348610599627 0.11646111785806854 0.05347415685968474 0.06930815532513951 0.007923060912115493 0.1615822059291422 0.0019285750836550476 -0.03885494653717098 0.03906758781151933 0.03557484654827225 -0.009478060561415034 0.2552352746227642 -0.26133797761389815 0.2791946956046744 -0.44886893240005243 -0.10106746834350709 0.00151339821462445
0.06536837517375524 0.10068012660427933 0.09660957615966519 -0.02011558232013496 0.03489624104905321 -0.08911939048469113 0.19179311706408345 -0.16087432629240547 0.163339898927352 0.08303668303149205 0.06678672122408255 -0.013500947328675085 0.08086541717051933 -0.12236368082330282 0.19532854317337128 0.19240072697155366 -0.11056651070340856 -0.04731242745903713 -0.34000346171352874 -0.04392786282031045 -0.18344235422858388 -0.1486164931544975 -0.11554880904385698 0.046332728810843014 0.05257570942723846 0.6132872169098874 0.2776170775764203 -0.2995108384948659 0.0614523570488293 0.12827598212856872
0.19822199485228353 0.09734881865775934 -0.21660099753707737 0.11077096171316717 0.13532659846546696 0.16894772682848985 0.503057022741546 0.34355993929636913 0.07020435880681773 0.23448631629727082 -0.1290072917247724 -0.010114123874743428 0.10806049156122835 0.028736084550517446 -0.10056499093903794 0.010373472141414243 0.09895035052028735 0.2894180332934092 0.24653647907203485 0.2878001338556799 -0.12447452516464597 0.10313692183269772 -0.0539080999204549 -0.10390114191620642 -0.19919231247755473 0.018625794489194696 0.17967606122751428 -0.0784106673990679 -0.13207055129620743 0.042574341925601035
-0.10505554120879751 0.007789224926247034 -0.01461939268733868 0.09318318491391073 0.027696118295234946 0.3260464474395209 -0.000399034963941289 -0.47211632261638775 -0.17519338521061573 0.3783368174865611 0.1658256915023968 0.1736341061927889 -0.07070589630591975 0.08161776184068392 -0.0022679013269590927 0.009207250819675087 -0.16723942320436636 0.2582544281206743 -0.12335477670854986 0.10030018475238102 0.29135302317735096 -0.07077928688115416 -0.16503759419723837 -0.35707244455121995 0.08519986766594292 -0.13879681063437768 0.07888651943954324 -0.08685767082157793 -0.022394872992942093 -0.03796816999309791
-0.06834495488695612 0.27906708358749505 0.09445656377146026 0.08247880417446855 -0.005754233812937475 0.0872508293758615 0.16683858668442259 -0.05555759140956918 0.017288224742372845 0.1721488422092349 -0.004045112140180507 0.24662338080889615 0.1136602294671567 -0.07232258881510181 -0.12374769570248738 -0.2332853992366832 -0.29769795642963504 -0.188325262292169 0.43128299457435065 -0.26165710663896236 -0.04665101502825834 -0.34380523188459156 -0.20111048457907527 0.20205252114659455 -0.023810376022620476 0.09056991398667066 -0.16674175690889256 0.19215256839782785 0.11530329266890775 0.13229044197992634
-0.09554214167186889 0.2549724034127697 -0.04129426901063307 -0.06690939772211016 0.0013262383711920777 -0.1785010163432594 -0.18682853585730796 0.002864659125455747 0.17429488899915613 -0.06216731380938509 0.14351906651970553 0.14723322011410414 0.045265705933905616 0.653279583425099 -0.27040494631125805 0.05857148431815986 0.15038692328288764 -0.02549436415890637 -0.11149599675437608 0.09330090958253652 -0.2347575570409048 -0.12172669955839019 -0.1693459203645672 -0.2532495847606872 -0.19411902183966648 0.0806384268361353 -0.04446297606779848 0.11016124638186099 -0.005746100676936235 0.07439762096104792
-0.05327646012834482 0.18674747007147652 0.08274271217420107 0.015097921834453333 -0.050532324692637146 0.01743526891565502 0.028381942689543083 0.14569216493606307 -0.06386997354975332 0.10530001055194409 -0.3120310857465494 0.13307278803320807 0.10300496763775133 0.14080997953636656 0.5402650532144483 -0.0038580140986857006 0.23777335876771752 -0.1585181378772769 -0.17376693929076326 -0.08401905793586309 0.4366930390375631 0.040911730058805613 -0.14837103135853308 0.016218843275314573 -0.3427683362092154 -0.004775752431441672 0.0069892707901582874 0.13823581799080412 0.006190157495761034 0.08640815910863121
-0.21121649949392834 0.0794916600326681 -0.274686091941533 0.09177818507742716 0.09118880272858472 0.5262175944023199 -0.14089176048138288 -0.05172658827677144 0.018659871647638042 -0.37861610866369294 0.06942552047232838 -0.0843015792398088 0.14476497439982614 0.006070342597824312 0.21349797825898692 -0.0028157212802831046 -0.27193776326689273 0.08239165768655572 -0.05486226497790626 -0.14521623927525176 -0.25029853441707495 0.16138998731904194 0.08153017822752462 0.0076911182590164535 -0.2925001597967409 -0.0040264837031842166 -0.03338109435487575 -0.018521352416563264 -0.04653158641870302 0.21402052031398885
-0.20243840767120824 -0.19788448575948103 -0.19805685577311413 -0.016312374531229308 -0.0581449597314396 -0.16755238531108707 0.04354379001138893 0.012398134479006147 0.2708535271380981 0.039474933301485736 0.16210030055154456 0.24021782194964425 -0.26772332361816864 -0.13713496881278575 -0.02569987756301108 0.18955950002811403 0.0813649865700687 -0.01093371348166055 0.23719378971273225 -0.1714077951474254 0.23898769774532957 -0.10195254630317183 0.39714848156455074 -0.21976817487134323 -0.23759813066875182 0.06642954997608957 0.06566110757898123 -0.07936774914447084 0.03751637235252682 0.3494105327728219
0.3153022885697376 -0.08137066547052928 -0.0013762092381689947 -0.04707248142730049 0.09496698647505587 -0.12662013431927896 -0.3076601366930159 0.012185614315856698 -0.06089144355097671 -0.07652885477486604 0.3988096604874181 0.2778550648037774 0.0058761947415887986 -0.3162303884621793 0.25101270421153776 -0.01910913299856557 0.028638558143142298 0.18025117050124911 0.13741915570566407 0.2643686082547543 -0.07907232587235924 -0.10900764653891679 -0.2138382637850684 0.021865552207751947 -0.3355850311022479 0.08828464905664771 -0.03537732124067925 0.1580235423956552 -0.03372541762699255 -0.16872421166828055
0.26315426059259467 -0.3851895877547581 -0.11657070738606487 0.07611125557343126 0.04234161896879859 0.1561658263110132 0.010014710017316531 -0.12639448602582914 0.1889165465089257 0.007817300716265779 0.03372203493192221 0.2583082991643282 0.10786187101132977 0.21680871676318017 -0.007272780413914166 -0.2096446264344802 0.03676374553255824 -0.47999204517314753 -0.027940705388079082 0.0234263727227855 -0.03097240408440719 -0.07668584591366026 -0.02448742411899295 0.19802726280761973 -0.08736342255545534 -0.23453203342442897 0.23980085147156485 -0.314907205752104 -0.10619376287714684 -0.06459277488549824
0.09996374706647188 -0.10281468869948517 -0.07547293215419873 0.01309750154089652 -0.08890685696951597 -0.010624932109259095 -0.23746467523617967 0.24977729275941724 0.23592842781247902 0.007018001330676778 -0.1078192202544011 -0.005245521173637163 0.1194113775423127 0.21144033459089565 -0.02226886461214897 0.34331857814263134 -0.36469543948889577 0.37238085963006995 -0.01964214326901705 0.01909915106383637 0.2936967571542122 -0.2679737526512586 -0.08728093801564366 0.36310938461003994 0.08981016053208929 -0.09335823584224742 -0.022622616443135686 -0.11476710234576563 -0.0058254979973106375 0.04032099485305958
0.22378105492018852 -0.1321128983191227 0.23668446674026433 0.010865524827701147 -0.07908511138803065 -0.11859621386173075 -0.0696062704340157 0.13693041017876742 -0.14814150502362616 0.11095233269506974 0.058710349810193636 -0.29307668603718756 -0.26126630669208567 0.15780750864144716 0.08458323690767236 -0.08363612572877824 -0.1606112513029957 0.1307206835391842 0.13481137056816206 -0.5115645768296889 -0.15685243820363834 0.05952861330328897 -0.2240968915051978 -0.18755174936010757 -0.23654881986414678 -0.14083292271326595 0.24276902716734383 -0.1543982542006013 0.06268120591965401 0.05210395575746676
-0.03536521655994618 0.24655559779468017 -0.32285875107307116 -0.1371549202183336 -0.09379352457085399 -0.28311643863852926 0.2981233094162026 -0.30336162914484804 0.08612902686303 0.001961320337439131 0.09074132810782928 0.012511042104246556 -0.07799645825324628 0.020073354041332103 0.052420724423933286 0.16409696061052736 -0.12136743576231446 0.05541789555558615 -0.050519978715710415 -0.2544679778089407 -0.015644704823526603 0.13101710677329195 0.0180849136121274 0.23861929298135368 -0.1699527364583985 -0.18391218912428292 0.052781754642492136 0.0932825767817364 -0.281755420983844 -0.42392520358986935
0.0728984368798852 -0.002713154114340501 0.031992481151141255 0.08308865238347199 0.1241407682824901 0.2983162217595471 -0.06728160778226097 0.18104840014232781 0.03364775185140155 -0.1461960994440708 -0.09093725911747044 0.08112527008750121 -0.0197345885760717 0.08342119676708488 -0.003915134380144077 0.10906508410767683 0.07294713459976174 -0.033846078862342664 0.1261302743779362 -0.2907203731552474 0.10340308097863155 -0.23601076006174113 0.1919597131401745 -0.2804703119764535 0.07811938762228669 0.32109225652138834 0.03165104698528159 0.01848529411564524 -0.09367978837487265 -0.6166889338830759
-0.6391934276964207 -0.41735400788153637 -0.143579080752809 -0.19117475509988524 -0.0514250955721412 -0.0925200171265126 -0.013298478827627906 0.19289549689456098 -0.16808077152604606 0.2482426837938137 -0.05836814177905592 0.05932840302857217 0.16375153611489648 0.0021468310095000853 0.10986634104561346 -0.0782511393666665 0.016119295372305532 0.06724079645006456 0.018735306599452956 0.0038266063081908493 -0.24747465231324883 -0.11737972931162766 -0.16567352472515787 0.046811228078474494 -0.048070256068311744 0.06649632230728371 0.03181605133757869 -0.06932525002331684 0.008110029576453938 -0.21738278992573407
-0.28516923772688 -0.021088145690859914 0.6351152422115172 0.16793704820000713 0.046345705029572457 0.05167458634984627 -0.02678863517409988 -0.05139086946741721 0.4346573089270943 0.10250939512301033 0.09039709473934285 -0.09730538536531812 0.12113453226767779 -0.05424071933690586 -0.0780120662914328 0.023514692699999326 -0.0956253686511192 0.01776539927444113 0.04939844899427918 0.14334070218236913 0.018558111553484444 0.20180420029825066 0.11794772126321441 0.07863399637939471 -0.24995933964413028 -0.06915962321015837 0.14741316358427378 0.09652361250507532 -0.12799318378537455 -0.16985238428900806
-0.1261560377516518 -0.19101395999249302 0.22546619525140943 0.16186705350648148 0.041188525270286665 0.08299680913326088 0.4752222751459067 0.11697363845392265 -0.32731572432047024 -0.3678265227988335 0.35428587752060764 0.053648595162068186 -0.1966310647208569 0.16535231311452214 -0.1088093141063197 0.12675477667725965 0.06590241547711781 0.03353738081602955 -0.15382220085829612 0.026103247261079852 0.15440883674150138 -0.14476266363074247 -0.10082881109779943 0.2264070856394541 -0.10726651405181968 0.01757596349458565 -0.09246126564473095 0.016061390765281274 0.02281074068269487 0.023248677561280892
0.0061330726251119586 0.07538773289716745 0.05569303549709968 0.11753008999186583 0.037374824596071846 -0.061045273529652944 0.032128997678494094 -0.08112057714668862 0.12011924334454867 0.08428801669314519 -0.020653951077026146 -0.06173803812797346 -0.055303939996855817 0.027574129591720196 0.08960801572104965 -0.09796789310540499 0.09974194612482083 0.09223151977023963 0.03389337876290857 0.006200799624450717 -0.03340493000336042 0.016114946665072183 0.02769147014403952 0.009838740484141085 -0.18065846488839093 0.010699515861624619 -0.6895211289286532 -0.5989568733195411 0.09104554751226905 -0.1424741524767244
0.0899584755284683 -0.13964536220605378 0.03030238276007958 -0.006262565706626283 0.03096024873779088 0.0759669891068472 -0.034503741390404734 0.07385456459722332 0.04127280533755792 0.11485240280758668 0.09791999555049465 0.44291233570558136 0.165893751511027 0.019676590161742655 -0.18521499325731644 0.07174078374572766 0.13293501405711952 0.17150228214433727 -0.0756760249843307 -0.3714872720968466 0.017116398789010577 0.6059565447956401 -0.12259277646229781 0.13142860493502223 0.1409509969278376 0.1719176261181054 -0.11816095552394883 0.046458247775147385 0.11268015699317363 0.03504307207448913
-0.021281829756454693 -0.05546149699740886 -0.07046631563191262 -0.025417222740617383 0.03142907729565326 0.08743531344447435 -0.0059781036792576365 -0.13915721320619984 0.010659125548097833 0.08288045536726499 0.31346766703232587 -0.366621213859705 0.21302671899129166 0.15814714467257432 0.2103463064433541 0.42669620988760587 0.21638567072579035 -0.23872893218105323 0.47295188708651653 0.021627607798650108 0.083553748758295 0.11814557874593015 -0.19273194778082595 0.028892534088232547 0.1773075748850477 0.04451353605245681 -0.052606602697546044 0.007205601349669938 0.048850141501594176 0.030882687698458304
0.07381348191460896 0.010933641963750178 -0.01206602691070974 -0.09397216746199881 0.03410731770041493 -0.10079675760662671 0.10920070789125023 0.2880137650075356 -0.061435480104931904 0.19692969632204674 0.3090442879792832 0.048033297788931555 -0.02670211288997604 0.27990648324234574 0.287574762575617 -0.1441099882231532 -0.50719403705618 -0.1955473559345359 -0.048186919838146214 0.16840940567700508 0.03614758409815559 0.2150371331303627 0.3371966568474984 -0.10414387825877719 0.13647809200810182 0.09169041149938542 -0.1313322190373621 0.0809581964251877 0.05812722183970869 -0.06228088512912921
