# Hessian matrix (atomic units)
-0.8329132543322044 -0.4065413355944629 -0.22055495400152217 -0.32944169479317176 0.571626422603468 -0.02012818787903662 0.24669441347519142 -0.39754765188058133 -0.0028660823762298774 0.4954077566017835 -0.04593722592071416 0.05793372725395203 1.3668457875258362 0.577907830448351 3.7644847309331477 0.06683413606609054 -0.01354536870351057 -0.2861135947832346 -1.3544446179943928 -1.6422096549164777 -3.5056167308646273 0.1899466232508213 0.1234657397452081 0.15177475006196095 -0.21133593765906333 -0.2606870847565793 -0.05763674577226421 -0.7335400892481155 0.28185701725491474 -0.014268671419962638
-0.4065413355944629 0.227749380837686 0.022231514296978602 -0.2254957988962104 -0.030575266455139593 -0.033459564353654936 0.3933628729062302 -0.7948039411964792 0.3224842334261883 0.4038508125780123 0.09830415132994381 -0.08200339950013896 0.01100095214169378 0.09134853184643368 -0.03795743163407302 -0.1341991991698946 0.2182940178130528 -0.24279549917021523 -0.26034174152192985 -0.14743091597780397 -0.01742543152592097 0.09177443251089712 0.005145594113352103 0.3720525376623639 -0.5056506930161845 -0.040053118374715216 -0.030392580099106437 -0.4013558075079728 -0.21319367404977263 -0.24033470478632066
-0.22055495400152217 0.022231514296978602 -0.002703086027151151 -0.06699860829039762 0.004692193874966385 -0.017858912142656277 0.06301315297301906 -0.424140689143524 0.29325985867658666 0.2605525957513517 0.1261258969753526 -0.005466347698733408 -0.12888998366048013 -0.07137991911721221 -0.19183006910854447 -0.011967467040817432 0.13208780292646485 -0.18656049262794722 -0.09207742308323968 -0.14499176701918073 -0.02741025762271623 -0.13270335502999908 -0.03031312313507057 0.2705082632021262 -0.20286293209451509 0.038426372792759844 -0.09919048697227419 -0.20223398952858362 -0.013933847321482357 -0.08758798437010626
-0.32944169479317176 -0.2254957988962104 -0.06699860829039762 -0.006384562988954969 -0.05285187696289099 -0.07089230984242555 -0.1418850670734967 -0.17259650873479235 0.13270187524630642 0.30034267083945393 -0.3127295717946391 -0.15881141323311931 -0.10178344727375642 -0.08463505060341694 -0.04665963135569379 -0.13052862985262215 -0.03248109843136225 -0.23258070859626678 -0.15997346835466458 -0.157444255189345 0.002119272460079921 -0.05534436386418625 -0.03744834044877563 0.14474220453745965 0.18636929910756467 -0.007371892546985925 -0.02424652137715175 -0.24392523199166458 -0.010000710871567916 -0.04580360304900744
0.571626422603468 -0.030575266455139593 0.004692193874966385 -0.05285187696289099 -0.0018488457428264202 -0.007679153789003751 -0.025469121276383132 0.14479034381007988 -0.2856840959736142 0.513603778106464 0.1738931192563289 -0.10548593700826936 -0.03010824739911543 -0.062452659739791264 0.24327457972821168 0.395822217013064 0.04475039116952966 0.18448453197659415 0.05405816226693215 0.38575397186003485 -0.014562026876387562 0.15980118946722044 0.29858507579195787 -0.7240962896888702 0.002741535182205001 0.18716966944316968 0.10214384687436581 0.1605259350899521 0.16269051148570468 0.5974888172418851
-0.02012818787903662 -0.033459564353654936 -0.017858912142656277 -0.07089230984242555 -0.007679153789003751 0.03992719306189227 0.03743735847459164 0.03877038196910222 -0.014208332228885859 0.1932896301808322 0.05018300956844577 -0.08107725920485663 -0.07344415099540005 -0.05798378127713725 -0.062201838577407166 0.04629474638290019 0.022061939910457927 -0.043420372006049014 -0.04463843014053503 0.011720109990166268 0.029300355542485737 0.038406613734404106 -0.1146354175420874 0.046037735376577696 -0.15907563865923857 0.1100695366962 -0.004856430359490243 -0.05898109804270905 0.022074363850357315 0.1834964957812584
0.24669441347519142 0.3933628729062302 0.06301315297301906 -0.1418850670734967 -0.025469121276383132 0.03743735847459164 0.9862947415968826 3.717314050397963 -2.667068138091427 0.33683615660171334 0.11587402362083986 0.14917143756217266 0.21485548499729204 0.2693376807456925 -0.04476292988784582 -0.11800764783314598 0.0008042685280667046 0.11327957742856797 -0.0326526067021147 -0.026309158965760488 -0.017949263419981754 -0.006920119861574069 0.22363009574111734 0.0556467310144474 -0.531869876051394 0.05834943411428054 0.197309356971323 -0.675616332172685 -3.265320647749287 2.567214319392519
-0.39754765188058133 -0.7948039411964792 -0.424140689143524 -0.17259650873479235 0.14479034381007988 0.03877038196910222 3.717314050397963 3.7790527341138085 -3.9018244550103445 0.4027904552198803 -0.6127074949424227 0.10872935167955124 0.09083263820565002 -0.3367005797361682 0.5954863854535747 -0.0526648239152383 -0.29645890489608456 -0.089402949507756 -0.46066263627662957 -0.06045167662340473 -1.3185124899038547 -0.20023297664460124 0.07605166026972716 -0.4748347360593795 0.6860989905936868 0.35843028059984916 0.2710626110453071 -3.335976700717852 -3.2368234766297577 3.913922248687446
-0.0028660823762298774 0.3224842334261883 0.29325985867658666 0.13270187524630642 -0.2856840959736142 -0.014208332228885859 -2.667068138091427 -3.9018244550103445 2.2807365836512994 -0.27178787248696745 0.410554780219261 -0.44155685274601786 -0.41511735986629156 -0.2301482240426292 -1.5239489849035939 -0.3780333666417859 0.2239257030429601 -0.8246240454445595 0.6890127333521212 -0.055079826930008235 1.7393829276979684 -0.15053500229189826 -0.3062195281111592 0.5078632475225813 -0.4161330519762054 -0.4861390411662545 -0.3533938520675094 2.1526061146309674 3.316971934852103 -1.6748516421855708
0.4954077566017835 0.4038508125780123 0.2605525957513517 0.30034267083945393 0.513603778106464 0.1932896301808322 0.33683615660171334 0.4027904552198803 -0.27178787248696745 0.28484603686037346 0.34814541710937613 1.1475767491463795 0.13291937889343006 0.34860098013842367 1.25358880623386 0.2734583670069783 0.0710314744678949 0.4058960672213886 -0.32123364797654 -0.010577575086776031 -0.9175784178610235 0.36602009858441487 0.2765452787794895 -0.4163311777376184 -0.22775418175260656 0.007870249638872697 -0.12272962118104123 0.38991000752271393 0.15686902743931413 -0.04146677126271211
-0.04593722592071416 0.09830415132994381 0.1261258969753526 -0.3127295717946391 0.1738931192563289 0.05018300956844577 0.11587402362083986 -0.6127074949424227 0.410554780219261 0.34814541710937613 1.0555070462451515 -0.19333128556325 0.3699317783064095 0.005728070081573548 1.2918662796369913 0.16889661097112885 0.24167199561804606 -0.0016064224728239195 -0.2964581683373279 -0.3993921585523375 -0.9733348657789449 0.09740719813141457 -0.38940763112320126 0.3034591409415649 -0.6414760318995999 -0.028838672946416233 -0.6425167664786318 -0.1038834925251166 0.329722197777177 0.5394680477178517
0.05793372725395203 -0.08200339950013896 -0.005466347698733408 -0.15881141323311931 -0.10548593700826936 -0.08107725920485663 0.14917143756217266 0.10872935167955124 -0.44155685274601786 1.1475767491463795 -0.19333128556325 -0.2951621679713176 -0.22561172977473648 -0.1109683576318781 0.02520411020521598 0.28574916274858275 -0.015611384396554772 0.17357292772835312 -0.06629797880787595 0.15350869523392618 0.14369077292695281 0.1876168264371937 0.3716681346487077 -0.43547928188840956 0.1872497278245375 0.28543467530516015 0.14419862597478683 -0.44308873611024135 0.19510350053184786 0.18277475878283114
1.3668457875258362 0.01100095214169378 -0.12888998366048013 -0.10178344727375642 -0.03010824739911543 -0.07344415099540005 0.21485548499729204 0.09083263820565002 -0.41511735986629156 0.13291937889343006 0.3699317783064095 -0.22561172977473648 0.2995256776668904 -0.2285981013952377 -0.07522594867973138 1.4227446412906295 0.6039165357000401 0.45926864912062015 0.8549776868225987 1.2752954443568338 0.6578955047715945 0.5877020530241014 0.03854592887929877 -1.5265811149672674 -0.41481835767053143 0.3721792314413637 0.39671957604119706 0.1188485531191545 0.16067138020283864 1.3819704486788522
0.577907830448351 0.09134853184643368 -0.07137991911721221 -0.08463505060341694 -0.062452659739791264 -0.05798378127713725 0.2693376807456925 -0.3367005797361682 -0.2301482240426292 0.34860098013842367 0.005728070081573548 -0.1109683576318781 -0.2285981013952377 -0.43662971196522576 -0.35066953963452613 0.5605420662290871 0.35542126657659495 -0.03841192129726436 0.7657041530042232 0.7549032503367288 0.599548691220622 0.3920957906549298 0.15841691379561482 -0.6877684359364987 -0.3539757716437787 0.2990332886142085 0.22594836214900785 0.2007556703586556 0.22170898490589838 0.5417318028367334
3.7644847309331477 -0.03795743163407302 -0.19183006910854447 -0.04665963135569379 0.24327457972821168 -0.062201838577407166 -0.04476292988784582 0.5954863854535747 -1.5239489849035939 1.25358880623386 1.2918662796369913 0.02520411020521598 -0.07522594867973138 -0.35066953963452613 1.3937220564283384 3.1041333935554603 0.5328635843842227 1.3348830011240989 0.6398691908789393 2.9455286639999803 -0.2320456202669561 1.2695400343769854 1.5146066976921335 -4.369317103206422 0.11263549821955798 1.0637800622099545 0.6585648979086359 1.9531418688826114 1.1680968999555137 3.2586289139847193
0.06683413606609054 -0.1341991991698946 -0.011967467040817432 -0.13052862985262215 0.395822217013064 0.04629474638290019 -0.11800764783314598 -0.0526648239152383 -0.3780333666417859 0.2734583670069783 0.16889661097112885 0.28574916274858275 1.4227446412906295 0.5605420662290871 3.1041333935554603 0.06958938220977262 0.2085700522173621 -0.13305892831211658 -1.0959885576521227 -1.038461633870807 -2.849888292149964 0.13033882570624394 -0.013262207008660206 -0.19160152624225768 0.1913797458539387 0.0900635330210821 -0.2077726669939363 -0.1924418871539404 0.21852018488066827 0.4877432085387063
-0.01354536870351057 0.2182940178130528 0.13208780292646485 -0.03248109843136225 0.04475039116952966 0.022061939910457927 0.0008042685280667046 -0.29645890489608456 0.2239257030429601 0.0710314744678949 0.24167199561804606 -0.015611384396554772 0.6039165357000401 0.35542126657659495 0.5328635843842227 0.2085700522173621 0.7443522092415771 -0.5243163047051371 0.16314291549390877 -0.213414310324163 -0.11921029347092138 0.3134003712074257 -0.19665169850527453 0.704386506158498 -0.276206357281155 -0.13109938356057754 0.08020813805022908 -0.31412296625503244 -0.0744656636071631 0.07639025491945617
-0.2861135947832346 -0.24279549917021523 -0.18656049262794722 -0.23258070859626678 0.18448453197659415 -0.043420372006049014 0.11327957742856797 -0.089402949507756 -0.8246240454445595 0.4058960672213886 -0.0016064224728239195 0.17357292772835312 0.45926864912062015 -0.03841192129726436 1.3348830011240989 -0.13305892831211658 -0.5243163047051371 0.6494388324413964 -0.7663745237284377 -0.46030367775950143 -1.8550349501689496 -0.12152755870462428 0.1278951154283168 -0.3321335620776616 0.1242564457895376 0.2097392004379665 0.006030897809046123 -0.07813976983649383 0.0767398344014493 0.28659295917788724
-1.3544446179943928 -0.26034174152192985 -0.09207742308323968 -0.15997346835466458 0.05405816226693215 -0.04463843014053503 -0.0326526067021147 -0.46066263627662957 0.6890127333521212 -0.32123364797654 -0.2964581683373279 -0.06629797880787595 0.8549776868225987 0.7657041530042232 0.6398691908789393 -1.0959885576521227 0.16314291549390877 -0.7663745237284377 -0.7199341925789312 -1.405670333455857 -1.1010974018479158 -0.36249665282770915 -0.9713889744160218 1.993157336175459 -0.04668408826372811 -0.5613167293774923 -0.3034567851568807 -1.2464613607704154 -0.5194946580856334 -0.9963210324372741
-1.6422096549164777 -0.14743091597780397 -0.14499176701918073 -0.157444255189345 0.38575397186003485 0.011720109990166268 -0.026309158965760488 -0.06045167662340473 -0.055079826930008235 -0.010577575086776031 -0.3993921585523375 0.15350869523392618 1.2752954443568338 0.7549032503367288 2.9455286639999803 -1.038461633870807 -0.213414310324163 -0.46030367775950143 -1.405670333455857 -2.273438229746144 -3.2786117993941564 -0.26674944546821205 -0.18223958297379897 1.2556868117404052 0.2930651924621459 -0.2495518202440018 -0.22855603675792865 -0.9429633555447146 -0.3627855898990754 -0.7606729218095333
-3.5056167308646273 -0.01742543152592097 -0.02741025762271623 0.002119272460079921 -0.014562026876387562 0.029300355542485737 -0.017949263419981754 -1.3185124899038547 1.7393829276979684 -0.9175784178610235 -0.9733348657789449 0.14369077292695281 0.6578955047715945 0.599548691220622 -0.2320456202669561 -2.849888292149964 -0.11921029347092138 -1.8550349501689496 -1.1010974018479158 -3.2786117993941564 -0.897871114263216 -1.153381799843338 -1.7175824104483297 4.23246286318397 -0.34806600117783065 -0.9876975560539899 -0.8040123858428986 -2.18760519740111 -1.1178548454244108 -3.0889695162742874
0.1899466232508213 0.09177443251089712 -0.13270335502999908 -0.05534436386418625 0.15980118946722044 0.038406613734404106 -0.006920119861574069 -0.20023297664460124 -0.15053500229189826 0.36602009858441487 0.09740719813141457 0.1876168264371937 0.5877020530241014 0.3920957906549298 1.2695400343769854 0.13033882570624394 0.3134003712074257 -0.12152755870462428 -0.36249665282770915 -0.26674944546821205 -1.153381799843338 0.04146022822973114 0.12178857697544304 0.16028369495920153 -0.042655048830549325 -0.05380482066924842 0.01946744060139969 -0.23052801153017977 0.03821304844087224 0.04719694050879325
0.1234657397452081 0.005145594113352103 -0.03031312313507057 -0.03744834044877563 0.29858507579195787 -0.1146354175420874 0.22363009574111734 0.07605166026972716 -0.3062195281111592 0.2765452787794895 -0.38940763112320126 0.3716681346487077 0.03854592887929877 0.15841691379561482 1.5146066976921335 -0.013262207008660206 -0.19665169850527453 0.1278951154283168 -0.9713889744160218 -0.18223958297379897 -1.7175824104483297 0.12178857697544304 0.6519563654417828 -0.27703980933113437 0.04870518939997134 -0.09043492353878728 -0.16348761404245526 0.02574768061159912 -0.06583015722696103 0.2169782097832751
0.15177475006196095 0.3720525376623639 0.2705082632021262 0.14474220453745965 -0.7240962896888702 0.046037735376577696 0.0556467310144474 -0.4748347360593795 0.5078632475225813 -0.4163311777376184 0.3034591409415649 -0.43547928188840956 -1.5265811149672674 -0.6877684359364987 -4.369317103206422 -0.19160152624225768 0.704386506158498 -0.3321335620776616 1.993157336175459 1.2556868117404052 4.23246286318397 0.16028369495920153 -0.27703980933113437 1.1256785449559117 -0.5411783344233185 0.03269999847823872 0.11430053013915807 0.10573345291087187 -0.10319036751774632 -0.4474185523426586
-0.21133593765906333 -0.5056506930161845 -0.20286293209451509 0.18636929910756467 0.002741535182205001 -0.15907563865923857 -0.531869876051394 0.6860989905936868 -0.4161330519762054 -0.22775418175260656 -0.6414760318995999 0.1872497278245375 -0.41481835767053143 -0.3539757716437787 0.11263549821955798 0.1913797458539387 -0.276206357281155 0.1242564457895376 -0.04668408826372811 0.2930651924621459 -0.34806600117783065 -0.042655048830549325 0.04870518939997134 -0.5411783344233185 0.9289057732010705 0.0014411720279118086 0.22668260932065465 0.2091332326940927 0.1651971383334297 0.17578988472993584
-0.2606870847565793 -0.040053118374715216 0.038426372792759844 -0.007371892546985925 0.18716966944316968 0.1100695366962 0.05834943411428054 0.35843028059984916 -0.4861390411662545 0.007870249638872697 -0.028838672946416233 0.28543467530516015 0.3721792314413637 0.2990332886142085 1.0637800622099545 0.0900635330210821 -0.13109938356057754 0.2097392004379665 -0.5613167293774923 -0.2495518202440018 -0.9876975560539899 -0.05380482066924842 -0.09043492353878728 0.03269999847823872 0.0014411720279118086 0.24136235611352216 0.057565398998425665 -0.018794342032848507 -0.022589425478586334 0.16348566068430137
-0.05763674577226421 -0.030392580099106437 -0.09919048697227419 -0.02424652137715175 0.10214384687436581 -0.004856430359490243 0.197309356971323 0.2710626110453071 -0.3533938520675094 -0.12272962118104123 -0.6425167664786318 0.14419862597478683 0.39671957604119706 0.22594836214900785 0.6585648979086359 -0.2077726669939363 0.08020813805022908 0.006030897809046123 -0.3034567851568807 -0.22855603675792865 -0.8040123858428986 0.01946744060139969 -0.16348761404245526 0.11430053013915807 0.22668260932065465 0.057565398998425665 0.4577467753922565 -0.31137492599182526 -0.25765548563896 -0.0890364790171412
-0.7335400892481155 -0.4013558075079728 -0.20223398952858362 -0.24392523199166458 0.1605259350899521 -0.05898109804270905 -0.675616332172685 -3.335976700717852 2.1526061146309674 0.38991000752271393 -0.1038834925251166 -0.44308873611024135 0.1188485531191545 0.2007556703586556 1.9531418688826114 -0.1924418871539404 -0.31412296625503244 -0.07813976983649383 -1.2464613607704154 -0.9429633555447146 -2.18760519740111 -0.23052801153017977 0.02574768061159912 0.10573345291087187 0.2091332326940927 -0.018794342032848507 -0.31137492599182526 0.8021421824760179 3.3657303394034774 -2.252957989606036
0.28185701725491474 -0.21319367404977263 -0.013933847321482357 -0.010000710871567916 0.16269051148570468 0.022074363850357315 -3.265320647749287 -3.2368234766297577 3.316971934852103 0.15686902743931413 0.329722197777177 0.19510350053184786 0.16067138020283864 0.22170898490589838 1.1680968999555137 0.21852018488066827 -0.0744656636071631 0.0767398344014493 -0.5194946580856334 -0.3627855898990754 -1.1178548454244108 0.03821304844087224 -0.06583015722696103 -0.10319036751774632 0.1651971383334297 -0.022589425478586334 -0.25765548563896 3.3657303394034774 3.2650155756744237 -3.423599041048603
-0.014268671419962638 -0.24033470478632066 -0.08758798437010626 -0.04580360304900744 0.5974888172418851 0.1834964957812584 2.567214319392519 3.913922248687446 -1.6748516421855708 -0.04146677126271211 0.5394680477178517 0.18277475878283114 1.3819704486788522 0.5417318028367334 3.2586289139847193 0.4877432085387063 0.07639025491945617 0.28659295917788724 -0.9963210324372741 -0.7606729218095333 -3.0889695162742874 0.04719694050879325 0.2169782097832751 -0.4474185523426586 0.17578988472993584 0.16348566068430137 -0.0890364790171412 -2.252957989606036 -3.423599041048603 2.5739613195447153
