# Dynamical matrix (atomic units)
-2.4651146126050314e-06 2.6733005821936546e-08 6.464868823939344e-10 2.813590557539074e-06 -5.177024825258735e-08 -1.109428795985064e-09
2.6733005821936546e-08 -2.105234956479269e-06 3.6855849008589e-08 -3.181868011640844e-08 2.5872833272595063e-06 -4.582208883986869e-08
6.464868823939344e-10 3.6855849008589e-08 -2.091380446618239e-06 5.176268694178712e-08 -4.429128568684073e-08 2.5775489587466284e-06
2.813590557539074e-06 -3.181868011640844e-08 5.176268694178712e-08 -3.1908414402381602e-06 6.241486834524498e-08 -6.341353050441147e-08
-5.177024825258735e-08 2.5872833272595063e-06 -4.429128568684073e-08 6.241486834524498e-08 -3.1796827014353322e-06 5.507860741171749e-08
-1.109428795985064e-09 -4.582208883986869e-08 2.5775489587466284e-06 -6.341353050441147e-08 5.507860741171749e-08 -3.176733639399647e-06
