# Hessian matrix (atomic units)
-0.10921765475293443 0.0011844139763071773 2.864279849811375e-05 0.10113946774588582 -0.0018609727486144168 -3.988037194225977e-05
0.0011844139763071773 -0.09327307682768651 0.0016329096310830648 -0.0011437784942542968 0.09300445579249741 -0.0016471556829230128
2.864279849811375e-05 0.0016329096310830648 -0.09265924854277198 0.0018607009439810995 -0.0015921282676133774 0.09265453677261845
0.10113946774588582 -0.0011437784942542968 0.0018607009439810995 -0.09306128073883724 0.0018203372665615365 -0.0018494633705369535
-0.0018609727486144168 0.09300445579249741 -0.0015921282676133774 0.0018203372665615365 -0.09273583475730836 0.0016063743194533252
-3.988037194225977e-05 -0.0016471556829230128 0.09265453677261845 -0.0018494633705369535 0.0016063743194533252 -0.09264982500246492
