# Eigenvector  matrix (normalized)
-0.44696535003700183 0.29672703485170193 -0.22448005531559456 0.4185652195788845 -0.1199231263731781 -0.1794218192155112 0.0985931751570348 0.06652145945041067 0.08845254433029102 -0.02187486768094026 -0.09727409817943217 -0.013238302860568867 -0.011508891331173228 -0.08692124248974245 -0.05993096809964324 -0.11836490057098654 0.03410871390206765 0.10234510322315507 0.012480226235763697 0.1055595673091241 0.08130612756819477 0.25143048799626483 -0.3120733566719672 0.11162510873171352 0.026707486376183476 -0.0664429712539692 0.05062271956238611 -0.21199472453717924 0.06926046527903 -0.3501343023628933
-0.058662799343617844 0.21705515230366307 -0.27459116605224354 -0.07054752944711393 0.19534495642687974 -0.20679335974274715 -0.03903719215929495 -0.1414572509169708 0.2468783393793159 -0.05346094803105998 -0.20913744658074146 -0.037911007470663394 -0.002672189317935909 -0.00905636084162677 0.10793268910062905 0.026140056477146983 0.08049839355217216 0.13309430206924933 0.16612191721574998 -0.12303808705304037 -0.1619408062818705 -0.2607419461897956 0.32586521188588913 0.09421768038873257 -0.24765311506462281 -0.029370586932385444 -0.47638157504137424 -0.2743416892350763 -0.03175473038933345 0.05996310578907493
-0.02654375501212877 0.16642188644134664 -0.15297767833152298 -0.09914066578076769 0.21604338558829736 0.19155348922061255 0.030423252325347098 0.45470294056419214 -0.05995508550185223 0.09897650465584161 0.09715100816650836 -0.17204141881437643 -0.16757971651420675 -0.15475779803773 -0.00511486900023121 -0.1690204794753967 -0.353589201013489 -0.13870233661229328 0.162928767600983 0.430932210283197 0.15967576441483827 -0.053894642314491516 0.17386573371566344 -0.14867195381847922 0.19647705172654606 -0.06021706224576201 -0.16034483426105375 -0.0830213684075244 -0.007654926319137653 0.04614317463972737
-0.039482882569166905 0.22980748812776983 -0.1111490600805722 0.016257759528191976 0.2936695516475549 -0.16882879637122286 -0.23559601409862843 -0.15270467558711182 -0.03381631849117857 -0.10694509368080947 0.13587802896092932 -0.2741587400930576 -0.047746910176021944 -0.10440948529802623 -0.27998809450677287 0.33545523258054283 0.31316161322974545 -0.24663974081350037 -0.21168872036307199 0.039018067814102726 0.2491471461649162 0.02684841585958505 0.19413898174987582 0.05053617598835099 0.11188650451692883 -0.243108008210941 0.17253247483862064 0.13357805295068897 -0.012699313045197185 0.03826139005928058
0.08439218743183736 0.0876059165197979 0.10110699577921027 -0.024375830419793 0.12838275510173336 -0.07710572350514476 -0.3556542554851775 -0.11014383553930589 -0.23178169292749154 -0.02559748320691874 -0.3933244363038244 0.23110365053590323 -0.14329733241297934 0.518100198074949 0.035781843766462866 -0.15346778813076953 -0.06364365125550216 -0.24976271999742775 0.2386633744751006 0.04633982963933012 0.19392864350850664 0.2020657731871414 0.016916366387677698 0.08841925735739789 0.0709238686298508 -0.045609249888210086 -0.04740413211432198 -0.01515681142017361 0.0033983783493801508 -0.12397706213170326
0.004468918547010891 0.11794022018153626 -0.03027102102478395 0.02560519040692502 0.21140164261349706 -0.02265156437291438 0.11081849678010987 -0.10400891808097264 -0.2222420618264025 0.2152792513098914 0.24511539893822787 0.16445853432422303 -0.2264696528287236 -0.11420789764420866 0.5328885789483758 0.07060347403119487 0.33748320994509007 0.08881337683153273 0.07305140806685141 -0.05484462023104331 -0.06438627236972726 0.3740265869182653 0.11169061417813152 -0.2255991070630275 0.14834019305124443 0.13102047446328158 -0.03654706120220481 -0.04113176426978891 -0.017460725524851447 0.0014030731303738303
0.009680332147723509 -0.17270437077929798 0.03731456342143284 0.25393564511038713 0.3492427763273224 -0.11479295666283361 -0.003980265814108139 0.1365519808590608 -0.3246513259035696 0.162983723643459 -0.15948082047394246 0.06488086663900906 0.05589864630536244 -0.04969348383711814 -0.33100425630349756 0.40769136916522464 -0.2571572421782881 0.1411862825860164 -0.033977082029148446 -0.05069988855722321 -0.34759079045764824 0.15486588471779905 -0.06416184400298017 -0.07442412638591017 -0.009134655904727394 0.03389122448598281 -0.1683605810645796 -0.014988667756673521 -0.1801224637077159 -0.030407862463037148
-0.027761979777338335 0.261664656845496 0.06283291292954538 -0.09699413164463429 0.18520762422449483 0.1406743514182862 0.019185927541238556 0.02046419780605647 0.40511664073955617 -0.19055586696496624 0.04689517390421958 -0.26010441173883925 0.22634297161397116 0.36931718773008937 0.20773370214120393 0.16677094486983515 -0.24217042408862047 0.19041505823944782 0.02954864100156419 -0.06414673321615064 -0.1146950011877104 0.25818008768334755 -0.055468537438699124 -0.14734885059162578 0.07501904498926666 -0.032401177719882615 0.11923637410159255 0.19042393663485144 -0.2596211654296139 -0.06781043662591063
0.03599650538546167 0.04502446525248953 0.3124774036788609 0.24693728870390536 0.06997391040386476 0.05129818521218877 0.12954501568017587 0.10288979289572209 0.11930641563098812 -0.08581297656908779 -0.16858510942927635 0.10110925255536589 0.4526686599929458 -0.07792522309962907 0.18970835195214733 0.16784987154644368 0.2174104897761689 -0.33683569448553063 0.1728319878398125 0.2499084516021492 -0.2283854316036311 -0.11290585581977156 0.06110250063177579 0.12006797254089611 0.2729800879230497 -0.04121907593660358 0.026433833458599024 -0.12299892968762707 0.18081170004427186 0.08324132836608321
-0.008473768648985644 -0.14406246597871708 0.046083253493923185 -0.012853440075574981 -0.27625828690854665 0.08342711935355049 0.312821105356924 -0.06674665463678128 0.15251876208286036 0.22450123385810636 -0.08883055127011759 -0.10852447943656533 -0.04773571110846992 -0.02116722741576985 -0.0789796863917855 0.44470754458186745 -0.07215361390974918 -0.14782945182058554 0.3965872547588391 -0.20598012918695877 0.4289713269112887 0.17955206444141253 0.09691847392770173 -0.052287826198429414 -0.010770095152031946 -0.08051847205219705 -0.15452788024979536 -0.050064709359945385 0.02002065246247031 -0.05193264383063838
-0.03023199716156139 0.045879077728494935 0.052098694327125376 0.03816106960808445 0.0579503693367978 0.05172587402135266 0.16442949371450805 -0.24055381940082807 -0.33112524952584277 -0.07875201105803861 0.143152035034222 -0.4047232715318232 0.17856395112698997 0.17175260954953 -0.2737474773006388 -0.2815315542983199 0.15814280783538132 0.11486168201860772 0.31949539256468945 -0.18484685619022354 -0.032139949714548616 -0.17345281397599116 -0.05890924961434896 -0.17791454020399983 0.31746008631145506 0.1421452024982657 -0.08340780137442172 -0.12789934594127864 0.007530886255307171 -0.03322441148987629
0.01002455758701436 0.11633829458736616 -0.02259164537074998 -0.026433791950470603 -0.027408341340532105 -0.12697316928759356 -0.30119506641234384 -0.056833062771077913 -0.21566456721380847 0.09257661588273525 0.1745168880934016 0.17811187454447466 0.6579280630061742 -0.24997831194006837 0.12684501782670415 -0.05128834628705899 -0.2358844780526124 0.17605981725701467 0.0870888219664434 -0.08251573812359345 0.3478980476313531 0.041742332173233566 0.07855318562851722 -0.018721758810398826 -0.08813074711696474 -0.05237886249104129 -0.0318372463774448 0.03109902444426794 -0.005895912183802591 -0.011794756776290025
0.17583232678929844 0.17525568079384546 -0.17731061705494938 -0.06464435481021477 -0.025913023281239126 0.06853161728386839 0.1711485927818546 -0.0007207200482385531 -0.23261043321727876 0.2686279545426883 -0.09711858651823281 -0.18295317867448055 0.11522532311275703 0.246596423452485 0.14949190238722956 0.2433517569774256 -0.04023781888860263 0.016838208345732405 -0.2380140434914362 0.1533515570667099 0.11549994652318864 -0.20110783908898208 0.04527370864209075 0.22829917810214326 -0.13157267043495313 0.3727798058681883 0.2902460093159598 -0.30179446359165735 -0.03771159346227719 -0.1421873179281021
0.10855114181464871 0.19957629360957196 -0.19297067329623557 0.19578757671761157 0.018934991279507877 0.5264969068573885 0.021819462051910314 -0.2433644689960992 -0.12773353250736236 -0.30217636578346835 0.07101742065250322 0.11720624247759634 -0.04362006377373032 -0.18881539691123797 0.006166231001340834 -0.006330786963133082 -0.26380736567077984 -0.3686472784491993 -0.05224805503536713 -0.3051862959012994 -0.12983655689237827 0.07770110104228146 0.017241579800285654 0.012845412562961737 -0.1332561546412067 -0.01817289775972989 0.03097469808357379 -0.163315157270234 -0.0013968503843995526 -0.03278316068735516
0.3772174114829332 0.05006952805223086 0.04366460936545521 -0.1566432837548973 0.23618051595954345 0.08682812220574086 0.048554651426575425 0.19159726355381823 0.2763780295194788 0.2759095839343629 0.09256115859727518 0.18599682029410294 0.09055040851185284 -0.03569272870076687 -0.27038628067994597 -0.1907584342891347 0.17500057405172187 0.007977092484302771 -0.04168446134780689 -0.22986971628063765 -0.037585895771537085 0.05781310998478549 0.05792077117735284 0.019713469784113882 0.047073702083187445 -0.1287491482601035 0.05292776816737935 -0.1415611084638672 0.09236437958233272 -0.517489516476655
-0.18946852779717652 -0.11460660794563081 0.4047750919173254 -0.009268457484395492 0.1444265995276471 0.22089311787684607 -0.1270580237439201 -0.39011841012749937 0.08875904492218394 0.02219382023342296 -0.2883821694305422 -0.0664946426219457 -0.1564105553693092 -0.2816374639490846 0.061288654843977504 -0.0025156930243365053 -0.15392534282191886 0.29385348768150593 -0.13570525706519362 0.13789709428617977 0.11549403595020376 -0.11545889602039873 0.19183180299389693 -0.10827874615707306 0.12837405404790073 -0.00701301470076348 0.13010725068762116 -0.1707728873681232 0.036024320900886364 -0.24281747253061123
-0.03793807063274188 -0.04257672338742599 0.10255802665137637 0.08411387342008066 -0.0739886721340199 -0.13061835418785722 0.044770228112756556 -0.00319171308772517 -0.004511155749916451 -0.22088628829777443 0.4292680252507849 0.3306690354343368 -0.08922857111934607 0.3150217416817586 -0.09482244656441614 0.1813923141580081 -0.07901465054937362 0.11340156217424202 0.07014471820718254 0.15851136982403372 0.01865632135093445 -0.16782795998417246 0.1413891178542055 -0.25327205039961986 -0.08924841775947344 -0.25633829636240385 0.1793665857765212 -0.44143272807038764 -0.023471879270788917 -0.004849822096390831
-0.1057636654388481 0.10003484634930038 0.03995325544078008 0.0709583942532326 0.24794797887732142 0.17285671728645505 -0.004111409215785493 0.020419172855248063 0.12799221582915035 -0.1449892911900394 0.05966875675658622 0.2941723967640954 -0.0009662618489450278 0.019072034861879215 -0.1274748840849393 0.1503897764508322 0.17807165145726656 -0.02945806403221936 0.06905982442751815 0.12013078593182662 0.28468404198106384 -0.2642639153090645 -0.2439278196654094 -0.24091093470421857 -0.19343554771243213 0.4945165018278991 -0.1831523837808576 0.24703911697698777 0.014218558299983034 -0.12928478002658111
-0.23529806384113888 0.0004356718760503836 0.09099256130509152 -0.3543597058784778 0.30929496538854756 -0.37138541672960135 0.15105379464387217 -0.07833401715197369 0.07498256279105435 0.08516033118117973 -0.014673219031193618 0.04357019145213486 -0.026999586084658033 -0.16809509259300617 0.0550317788219894 -0.06379717698932835 -0.22615512483991662 -0.35508692336101855 0.12533163747379047 -0.21340041766757323 -0.027195754350515466 -0.10093525881362467 -0.30556390881522333 -0.06380182128208943 -0.04237209134246722 0.08368090894855063 0.31098194889209657 -0.17340743965298583 -0.05205537724909401 0.1096935384991411
-0.3606606899165676 -0.06553350512684647 0.1328106515220577 0.27573255300274757 -0.03814804051625114 0.15086336931892746 -0.3353263901054788 0.14774884543812855 0.03527267981411414 0.44937209006228357 0.15429527708890778 -0.20061837320796774 0.008613656029653537 0.2001382954642816 0.15191798195750544 -0.04754475755873813 0.03980641621790902 -0.2550618398661977 -0.04808502012404084 -0.23174150905827995 -0.11544151590773456 -0.2344827278205432 0.07858575314125991 -0.16513358658262758 -0.2064520740115952 -0.07687490991976763 -0.007587170112614117 0.03589919009648444 -0.003533022394158831 -0.08042482682786747
-0.4437623481996282 -0.01669543534948814 -0.05681720232179702 -0.14300924446525193 0.15543855076165222 0.3583521161550995 0.128951495236258 0.0789797853030502 0.02777086163269657 0.13941726313752195 -0.06084460033386712 0.28720280875047094 0.1345339953388928 0.16302647218349545 -0.22797009455324796 -0.09241777545347715 0.14916179168482388 0.13921967700109608 -0.11820133932054501 -0.11650302959188229 0.11428909697251528 0.15237864069578316 0.1607354522125351 0.2303090928426091 0.104456050713368 0.0036177996493761354 0.07191094158285732 -0.11413765618275934 -0.07450971725686009 0.4160272264183087
-0.0724239485593618 -0.06877008763688161 0.13715533743371525 -0.21469108936708947 0.04438655920204914 0.12638392876693602 -0.04987922770679819 0.4912754413493531 -0.28511339204281544 -0.38714935110026905 -0.22443247016038112 -0.16722289261515413 0.0068223053000299235 -0.08629630240715423 0.1810442014691637 0.11026994191389587 0.2615694481439015 0.11485192604345136 -0.008033467827103985 -0.24415194809218402 0.13095983201602734 -0.006550414618005457 -0.12720050484202122 -0.07939197295192013 -0.20435882470969355 -0.1736893492387813 0.018075115707258137 -0.1965162262233277 0.011831326526541418 -0.09708117076730935
-0.08362390526368269 -0.05605682096647083 0.02675680135921662 -0.1586287897932005 0.14717678540886664 0.08011406847364927 0.3557222091733056 -0.24731255988105608 -0.17204622219713675 0.09104821772958471 0.05930866320339606 0.019133858357111327 0.12578256846546101 0.15803897177178763 0.14582581747372722 -0.021589663978166973 -0.016425330242425356 -0.10462718964269002 -0.31709722020698794 0.18246290555150987 0.06573410198998803 -0.09558357931160687 -0.2726727130178021 0.023091169560015598 -0.0813241985134813 -0.46666868902004965 -0.39075869070860036 0.11231599432434079 0.020340325369127495 -0.14278437632288066
0.2674605772900054 0.13722842705266053 -0.13582706279654821 0.06779064452654875 -0.08923515426072162 0.08385191470774779 -0.12680589988744326 -0.08232389874302537 0.1311186976143115 0.2222456510217409 -0.312788582496244 -0.011557156432575951 0.0801570001914704 -0.029726542584561293 -0.0755999967015049 -0.038744314352969905 0.14639520947820858 0.024893752794491276 -0.12849682182044855 0.07932520888903861 0.06316955175756432 0.028553596934831327 -0.3159274935208777 -0.5452148928681461 -0.015003887974571589 -0.1501718531584496 0.03520367331126886 -0.2438903594117197 -0.0633244611895277 0.3679918254452516
0.006146006504559379 0.12310663989862067 -0.2131034134123778 0.15907060346239552 0.08024945253247073 0.015524243718036335 0.2901240439218195 0.02282416406007192 -0.1446375741097036 0.06418622611267578 -0.27076119667341175 0.16162655621918484 -0.040104944335899353 -0.007149687906478813 0.05459884155073566 -0.050201507254268654 -3.247243140314668e-05 0.16222211026407504 0.2423792701396496 -0.07554708821438254 -0.023600899915066274 -0.3127714562950599 0.1767637833522892 -0.13356748726208026 -0.08013717359568444 -0.29454319810815655 0.410764746856023 0.43523829511609136 0.017233549232900942 -0.03473717487585738
-0.07487956749606062 -0.05739442562803406 0.051265457992067005 0.07965734752089176 -0.07076900794672607 -0.2574331634859807 0.29680715381329065 0.0792140037615382 -0.013149583771779098 -0.16275963469862886 -0.18024408380358153 -0.00819067749119702 0.1591127248031056 0.07131943452639553 -0.055166030880097146 -0.22054791393372072 -0.04944188916481655 -0.2319546517459918 -0.3911277726282027 -0.06836095887112327 0.08886896952123183 0.18639007443283442 0.45261122903694606 -0.3962959059900618 -0.07277554619105046 0.20145095870665106 -0.058677173519752074 0.03936293335640061 -0.0016292143807603377 -0.0764697566758448
-0.061014330729924765 -0.0660631496574409 0.0568485153618098 -0.15811856854451425 0.030585220379680846 0.11857348165496576 0.017288091711617614 -0.15172366275504318 -0.056465476949398116 0.04389726360755467 0.029063330546203654 -0.15356451673788807 0.12645816674144836 -0.06996087584287354 -0.1751882431299855 -0.11613130213274034 0.17567705002469847 -0.06346485484334653 0.2908300294056895 0.40529484710353914 -0.20342339501808365 0.3274278964135604 0.09319690221241249 -0.032735731235430755 -0.6023561543585055 -0.0029155849628257928 0.15199990082351852 0.01021414694155203 -0.02515250022034817 -0.04465355064287644
-0.1879493891985044 0.4566731746625225 0.09595378199883442 -0.4009075938835797 -0.3111737414682356 0.018238109026267612 -0.07152969886399746 0.0076851430747255055 -0.14159902174700434 0.08061037840092683 -0.04576523681892565 0.1055658022805616 -0.023363081553390265 0.014400441399519856 -0.1632096518343057 0.22675815623490014 -0.07150930627434676 0.02360607863277288 -0.05024732627007518 -0.021487079791866804 -0.29866263338117005 0.00999183866159152 0.0323096342359012 -0.1739066169930812 0.08218234003338443 0.02954349822196352 -0.06989641548384584 0.10742373070223782 0.45675068000072605 -0.057786721694517804
-0.055186652682761635 -0.45114883457796867 -0.4404422054428187 -0.017363558220210365 0.22830021756313948 0.04469999610492869 -0.1085950262796556 -0.05301101077951094 0.09348211980467003 -0.07659073525094527 -0.006613613822862538 -0.08288700417813365 0.11374730974059248 0.1382915091263603 0.09482460629953239 0.07976351720282017 -0.07801317238384699 0.042112145926357536 0.012939988799420744 0.011723907503142764 -0.004342519858657049 0.09105475606697117 -0.02760536299914282 -0.12603220745417237 0.05841076559221619 0.03829231918322021 0.09371908005992385 -0.03269691368593069 0.6426565333707805 -0.024738100182020103
-0.1916614673832713 -0.24869446402822118 -0.3883932116980836 -0.2765292436695928 -0.2300916226059893 0.07373109155284925 -0.15496651512486184 -0.051010000586032805 -0.018082190233639363 -0.044948847396028856 -0.08336060562974673 0.14420525498403397 0.13406934205839338 -0.06670730865160979 0.021104551543335247 0.1058963144045082 0.14256340530587602 -0.16641279925733024 0.049056236275984495 0.11605951531729895 -0.166242891346133 -0.09634116015106418 0.03837214147153511 -0.14743404635757204 0.28828863358777296 0.0114980433196261 0.02318586567482817 -0.006920488338361344 -0.46175883432323706 -0.32227026521447655
