# Dynamical matrix (atomic units)
-6.582905544787616e-05 -3.213087555457187e-05 -1.7431496282179655e-05 -2.603732799374121e-05 4.517832712267818e-05 -1.5908254419804097e-06 5.329241708328571e-06 -8.588064470552508e-06 -6.191484243094034e-08 1.0702097554297545e-05 -9.92363697632745e-07 1.251519364591291e-06 7.115354514338643e-05 3.008400163192953e-05 0.0001959668286565778 3.479167702090106e-06 -7.051278295802886e-07 -1.489414297379956e-05 -7.050798060045173e-05 -8.548809227960984e-05 -0.00018249100270960317 9.888003281464304e-06 6.427224758488865e-06 7.900899742104815e-06 -1.1001461406896152e-05 -1.3570521578078508e-05 -3.0003814838893596e-06 -3.818571072986749e-05 1.4672559394963014e-05 -7.427806159861094e-07
-3.213087555457187e-05 1.8000105702968897e-05 1.7570612302470965e-06 -1.782199451334607e-05 -2.416507241708748e-06 -2.6444668825260737e-06 8.497662347796325e-06 -1.7169834751017435e-05 6.966499171356543e-06 8.724229154664516e-06 2.1236256467642477e-06 -1.7714869610730722e-06 5.726737807423988e-07 4.7553073973931635e-06 -1.975940409627936e-06 -6.98597373857796e-06 1.136367642403014e-05 -1.2639143836474973e-05 -1.3552544132736212e-05 -7.674773870830107e-06 -9.071112776862334e-07 4.777478400466123e-06 2.6786289014847754e-07 1.936784476776251e-05 -2.6322530120561716e-05 -2.085035043761168e-06 -1.5821388483189672e-06 -2.089327766797471e-05 -1.1098169119900204e-05 -1.2511042886184175e-05
-1.7431496282179655e-05 1.7570612302470965e-06 -2.1363761356442654e-07 -5.295215410655509e-06 3.708461705474917e-07 -1.4114738978673654e-06 1.3612481866391038e-06 -9.162543322085405e-06 6.3351765782688655e-06 5.628614531358307e-06 2.7246477988403898e-06 -1.1808734432993375e-07 -6.709593250835522e-06 -3.715806379614591e-06 -9.98604934568433e-06 -6.229874021722417e-07 6.876061318834988e-06 -9.711732336830383e-06 -4.793251103988312e-06 -7.547799710963105e-06 -1.4268888421422787e-06 -6.908104958861278e-06 -1.578002577256731e-06 1.4081780178181019e-05 -1.0560384301168998e-05 2.000351960812955e-06 -5.163534070183312e-06 -1.05276435972315e-05 -7.253507626524465e-07 -4.559545529402877e-06
-2.603732799374121e-05 -1.782199451334607e-05 -5.295215410655509e-06 -5.046020684919291e-07 -4.177132637784651e-06 -5.602952974000486e-06 -3.065086908881769e-06 -3.728534019493925e-06 2.866706052940878e-06 6.488183764199345e-06 -6.75577307956885e-06 -3.430740061106634e-06 -5.298515148188088e-06 -4.4058254038473186e-06 -2.428948617569173e-06 -6.794895840835574e-06 -1.6908603184315165e-06 -1.2107395069447413e-05 -8.327698344757544e-06 -8.19603573528236e-06 1.1032242995926266e-07 -2.881047539218426e-06 -1.949438778671654e-06 7.534808300029046e-06 9.701779424140586e-06 -3.837567441193451e-07 -1.2621950253086916e-06 -1.2697954051968609e-05 -5.206044741551452e-07 -2.3843865687120904e-06
4.517832712267818e-05 -2.416507241708748e-06 3.708461705474917e-07 -4.177132637784651e-06 -1.4612298253876447e-07 -6.069196737352853e-07 -5.501993396142684e-07 3.1278484515560734e-06 -6.1715203770588584e-06 1.1095179000133117e-05 3.7565441830541354e-06 -2.2787709183496466e-06 -1.5673374129345319e-06 -3.251082298145353e-06 1.2664083211803058e-05 2.0605216948413058e-05 2.3295597845233464e-06 9.603664578733603e-06 2.814092068272889e-06 2.008109685926423e-05 -7.580517467181087e-07 8.31873006632637e-06 1.554336770350763e-05 -3.7694097246915485e-05 1.4271540295873975e-07 9.743444100086937e-06 5.317276378961633e-06 8.356457965739115e-06 8.46913877120897e-06 3.1103324104501765e-05
-1.5908254419804097e-06 -2.6444668825260737e-06 -1.4114738978673654e-06 -5.602952974000486e-06 -6.069196737352853e-07 3.155634025846642e-06 8.087444276580899e-07 8.375412062517084e-07 -3.069369737778121e-07 4.175559326359393e-06 1.084083680186408e-06 -1.7514799190819138e-06 -3.8232635759358545e-06 -3.0184470233142854e-06 -3.2380253643906544e-06 2.4099538929113103e-06 1.148472820925144e-06 -2.260323313625198e-06 -2.3237314575799757e-06 6.101107988050825e-07 1.525281191072277e-06 1.999323368514148e-06 -5.967546910962471e-06 2.3965747360176737e-06 -8.280960251588889e-06 5.7298620076236355e-06 -2.5280996581567164e-07 -3.0703640897083084e-06 1.1491195708193585e-06 9.552230628634977e-06
5.329241708328571e-06 8.497662347796325e-06 1.3612481866391038e-06 -3.065086908881769e-06 -5.501993396142684e-07 8.087444276580899e-07 5.823727881368667e-06 2.1949448340417407e-05 -1.574811100803922e-05 1.988900512111035e-06 6.841958631904254e-07 8.808055273904505e-07 3.057114624389053e-06 3.832325540663131e-06 -6.369183807076651e-07 -1.679095630186079e-06 1.1443697046503465e-08 1.6118213263480425e-06 -4.646042034938833e-07 -3.7434517732054394e-07 -2.55394716587893e-07 -9.846432187481679e-08 3.1819659440032936e-06 7.917807413008569e-07 -7.567817858451242e-06 8.302366977405338e-07 2.807456001104343e-06 -9.613143316249243e-06 -4.646127375188814e-05 3.652812698663372e-05
-8.588064470552508e-06 -1.7169834751017435e-05 -9.162543322085405e-06 -3.728534019493925e-06 3.1278484515560734e-06 8.375412062517084e-07 2.1949448340417407e-05 2.231399382418713e-05 -2.3038918194027276e-05 2.3783377376779564e-06 -3.617824947178059e-06 6.420090569215938e-07 1.2924305220033473e-06 -4.790812142239168e-06 8.472998199779002e-06 -7.493520744149426e-07 -4.218225351331414e-06 -1.2720879078657066e-06 -6.554631278268968e-06 -8.601488794972011e-07 -1.8760721027789917e-05 -2.8490553135884676e-06 1.0821163947598599e-06 -6.75628185984333e-06 9.762297936908445e-06 5.0999975758565405e-06 3.856869059508228e-06 -4.746661765937335e-05 -4.605579600211448e-05 5.5690032513411916e-05
-6.191484243094034e-08 6.966499171356543e-06 6.3351765782688655e-06 2.866706052940878e-06 -6.1715203770588584e-06 -3.069369737778121e-07 -1.574811100803922e-05 -2.3038918194027276e-05 1.3466957362828929e-05 -1.6048129875026269e-06 2.4241833800319766e-06 -2.6072398504152292e-06 -5.9065811221948e-06 -3.274710447847109e-06 -2.1683815652322528e-05 -5.378924041348995e-06 3.1861720521487347e-06 -1.1733329633093608e-05 9.803756713716631e-06 -7.837144321387394e-07 2.474916098020549e-05 -2.1419176568603867e-06 -4.3571063483621954e-06 7.226234700084893e-06 -5.921033102339191e-06 -6.917127446174157e-06 -5.028335736173461e-06 3.06287904805901e-05 4.719620451324397e-05 -2.3830964562399063e-05
1.0702097554297545e-05 8.724229154664516e-06 5.628614531358307e-06 6.488183764199345e-06 1.1095179000133117e-05 4.175559326359393e-06 1.988900512111035e-06 2.3783377376779564e-06 -1.6048129875026269e-06 1.6819169126617266e-06 2.055677767386169e-06 6.77604211819445e-06 1.8912702046444666e-06 4.9601393907675416e-06 1.7836941293615336e-05 3.890957556653109e-06 1.0106856680454586e-06 5.775374099014268e-06 -4.570737782595137e-06 -1.5050516159158736e-07 -1.3055949678464384e-05 5.2079908326140275e-06 3.934880303722199e-06 -5.923852174715637e-06 -3.240646334025084e-06 1.119834351396411e-07 -1.7462831808227679e-06 5.54791322273368e-06 2.2320426118256145e-06 -5.900183225717075e-07
-9.92363697632745e-07 2.1236256467642477e-06 2.7246477988403898e-06 -6.75577307956885e-06 3.7565441830541354e-06 1.084083680186408e-06 6.841958631904254e-07 -3.617824947178059e-06 2.4241833800319766e-06 2.055677767386169e-06 6.2324025009466855e-06 -1.1415540918859802e-06 5.263648956883866e-06 8.1503001034042e-08 1.8381580048017395e-05 2.4031795111774517e-06 3.438678757112147e-06 -2.2857306317681986e-08 -4.218214871056513e-06 -5.682831922080329e-06 -1.3849291548866308e-05 1.3859779746002887e-06 -5.540765058757706e-06 4.317829622495741e-06 -9.127371164576236e-06 -4.10336877429837e-07 -9.14217946654584e-06 -1.478127236245086e-06 4.69151882635443e-06 7.675929977257234e-06
1.251519364591291e-06 -1.7714869610730722e-06 -1.1808734432993375e-07 -3.430740061106634e-06 -2.2787709183496466e-06 -1.7514799190819138e-06 8.808055273904505e-07 6.420090569215938e-07 -2.6072398504152292e-06 6.77604211819445e-06 -1.1415540918859802e-06 -1.742830083790865e-06 -3.2101620237284193e-06 -1.5789356690853148e-06 3.586217680412035e-07 4.065839624046042e-06 -2.2212973313791912e-07 2.4697174278006465e-06 -9.433341698656081e-07 2.1842294469532984e-06 2.044533158230941e-06 2.669543874524947e-06 5.288355053482971e-06 -6.196304838558248e-06 2.6643205378372268e-06 4.061364875996272e-06 2.051759247802699e-06 -6.3045774934801094e-06 2.7760695276312213e-06 2.6006475378146247e-06
7.115354514338643e-05 5.726737807423988e-07 -6.709593250835522e-06 -5.298515148188088e-06 -1.5673374129345319e-06 -3.8232635759358545e-06 3.057114624389053e-06 1.2924305220033473e-06 -5.9065811221948e-06 1.8912702046444666e-06 5.263648956883866e-06 -3.2101620237284193e-06 1.0269995610710238e-05 -7.8380642228501e-06 -2.579311960063566e-06 4.8782399342289984e-05 2.0706806238403308e-05 1.5747187511085872e-05 2.9315072949065862e-05 4.3726730602607094e-05 2.2557611751151527e-05 2.0150851679819444e-05 1.3216446866415236e-06 -5.2342695531909724e-05 -1.422309681661496e-05 1.27611065037007e-05 1.3602534301439941e-05 4.075023311458487e-06 5.5090247430639906e-06 4.738435299643075e-05
3.008400163192953e-05 4.7553073973931635e-06 -3.715806379614591e-06 -4.4058254038473186e-06 -3.251082298145353e-06 -3.0184470233142854e-06 3.832325540663131e-06 -4.790812142239168e-06 -3.274710447847109e-06 4.9601393907675416e-06 8.1503001034042e-08 -1.5789356690853148e-06 -7.8380642228501e-06 -1.4970954277834945e-05 -1.2023592304034571e-05 1.9219602822144036e-05 1.2186517283350074e-05 -1.3170498976737947e-06 2.6254103994387642e-05 2.5883767721882017e-05 2.0557043640480813e-05 1.3443996122036698e-05 5.4317246588540755e-06 -2.3581880769862534e-05 -1.2136954832708241e-05 1.0253112806373748e-05 7.74721120937801e-06 6.883416037878115e-06 7.601853435653851e-06 1.857464535478921e-05
0.0001959668286565778 -1.975940409627936e-06 -9.98604934568433e-06 -2.428948617569173e-06 1.2664083211803058e-05 -3.2380253643906544e-06 -6.369183807076651e-07 8.472998199779002e-06 -2.1683815652322528e-05 1.7836941293615336e-05 1.8381580048017395e-05 3.586217680412035e-07 -2.579311960063566e-06 -1.2023592304034571e-05 4.778728659780376e-05 0.0001064330663574277 1.8270576049975237e-05 4.5769840733329636e-05 2.19395339756603e-05 0.00010099490196010292 -7.956271129036502e-06 4.352939181118429e-05 5.1932122342277534e-05 -0.00014981309055457775 3.861993006193907e-06 3.647439062572547e-05 2.2580563588312213e-05 6.696841011015632e-05 4.005115731269219e-05 0.00011173033612422031
3.479167702090106e-06 -6.98597373857796e-06 -6.229874021722417e-07 -6.794895840835574e-06 2.0605216948413058e-05 2.4099538929113103e-06 -1.679095630186079e-06 -7.493520744149426e-07 -5.378924041348995e-06 3.890957556653109e-06 2.4031795111774517e-06 4.065839624046042e-06 4.8782399342289984e-05 1.9219602822144036e-05 0.0001064330663574277 2.3860480190323362e-06 7.15135188903603e-06 -4.562261974918152e-06 -3.7578740374285315e-05 -3.560628425855684e-05 -9.771562985643134e-05 4.4689963756527e-06 -4.5472831854751774e-07 -6.569543048331724e-06 6.561938746649414e-06 3.088056075914235e-06 -7.124011519394214e-06 -6.598356948167023e-06 7.492517359636465e-06 1.6723509816801093e-05
-7.051278295802886e-07 1.136367642403014e-05 6.876061318834988e-06 -1.6908603184315165e-06 2.3295597845233464e-06 1.148472820925144e-06 1.1443697046503465e-08 -4.218225351331414e-06 3.1861720521487347e-06 1.0106856680454586e-06 3.438678757112147e-06 -2.2212973313791912e-07 2.0706806238403308e-05 1.2186517283350074e-05 1.8270576049975237e-05 7.15135188903603e-06 2.5521998585493854e-05 -1.7977510942931747e-05 5.593767583106019e-06 -7.317449533423371e-06 -4.087426494563858e-06 1.0745724579495734e-05 -6.742700980494703e-06 2.415167334847481e-05 -9.470433717146674e-06 -4.4950740257778546e-06 2.7501389267707162e-06 -1.077050057875245e-05 -2.5532436629513283e-06 2.619233145000485e-06
-1.489414297379956e-05 -1.2639143836474973e-05 -9.711732336830383e-06 -1.2107395069447413e-05 9.603664578733603e-06 -2.260323313625198e-06 1.6118213263480425e-06 -1.2720879078657066e-06 -1.1733329633093608e-05 5.775374099014268e-06 -2.2857306317681986e-08 2.4697174278006465e-06 1.5747187511085872e-05 -1.3170498976737947e-06 4.5769840733329636e-05 -4.562261974918152e-06 -1.7977510942931747e-05 2.2267653346286698e-05 -2.6277089350597697e-05 -1.5782676086426287e-05 -6.360456620729688e-05 -4.1668797954105615e-06 4.385207586579096e-06 -1.1388039420448639e-05 4.2604465927632465e-06 7.191439093536842e-06 2.0678458858685097e-07 -2.6792196899231243e-06 2.6312193619206136e-06 9.826564639612244e-06
-7.050798060045173e-05 -1.3552544132736212e-05 -4.793251103988312e-06 -8.327698344757544e-06 2.814092068272889e-06 -2.3237314575799757e-06 -4.646042034938833e-07 -6.554631278268968e-06 9.803756713716631e-06 -4.570737782595137e-06 -4.218214871056513e-06 -9.433341698656081e-07 2.9315072949065862e-05 2.6254103994387642e-05 2.19395339756603e-05 -3.7578740374285315e-05 5.593767583106019e-06 -2.6277089350597697e-05 -2.4684765110551137e-05 -4.819696350291582e-05 -3.77539100220941e-05 -1.2429114800561383e-05 -3.3306528446083966e-05 6.834044163900275e-05 -1.6006820693740305e-06 -1.9246164107960567e-05 -1.0404783576075696e-05 -4.2738081101242146e-05 -1.7812188590589825e-05 -3.4161387129448656e-05
-8.548809227960984e-05 -7.674773870830107e-06 -7.547799710963105e-06 -8.19603573528236e-06 2.008109685926423e-05 6.101107988050825e-07 -3.7434517732054394e-07 -8.601488794972011e-07 -7.837144321387394e-07 -1.5050516159158736e-07 -5.682831922080329e-06 2.1842294469532984e-06 4.3726730602607094e-05 2.5883767721882017e-05 0.00010099490196010292 -3.560628425855684e-05 -7.317449533423371e-06 -1.5782676086426287e-05 -4.819696350291582e-05 -7.795058114075894e-05 -0.00011241549990397638 -9.146179571170549e-06 -6.248545139158419e-06 4.3054399026658834e-05 1.004848153147469e-05 -8.556515483126312e-06 -7.836621930343177e-06 -3.233188419082679e-05 -1.2439021739017601e-05 -2.608159550467011e-05
-0.00018249100270960317 -9.071112776862334e-07 -1.4268888421422787e-06 1.1032242995926266e-07 -7.580517467181087e-07 1.525281191072277e-06 -2.55394716587893e-07 -1.8760721027789917e-05 2.474916098020549e-05 -1.3055949678464384e-05 -1.3849291548866308e-05 2.044533158230941e-06 2.2557611751151527e-05 2.0557043640480813e-05 -7.956271129036502e-06 -9.771562985643134e-05 -4.087426494563858e-06 -6.360456620729688e-05 -3.77539100220941e-05 -0.00011241549990397638 -3.078578262235593e-05 -3.954661287850423e-05 -5.889165815010636e-05 0.00014512069671614113 -1.193432340151225e-05 -3.386570942563628e-05 -2.756759867094355e-05 -7.500757848301088e-05 -3.8328481368757486e-05 -0.00010591313446266647
9.888003281464304e-06 4.777478400466123e-06 -6.908104958861278e-06 -2.881047539218426e-06 8.31873006632637e-06 1.999323368514148e-06 -9.846432187481679e-08 -2.8490553135884676e-06 -2.1419176568603867e-06 5.2079908326140275e-06 1.3859779746002887e-06 2.669543874524947e-06 2.0150851679819444e-05 1.3443996122036698e-05 4.352939181118429e-05 4.4689963756527e-06 1.0745724579495734e-05 -4.1668797954105615e-06 -1.2429114800561383e-05 -9.146179571170549e-06 -3.954661287850423e-05 1.4215688125808088e-06 4.175829467159923e-06 5.495731973704435e-06 -1.4625362595842525e-06 -1.8448343942076469e-06 6.674904505198534e-07 -7.904236074189545e-06 1.3102310386759767e-06 1.6182665060299736e-06
6.427224758488865e-06 2.6786289014847754e-07 -1.578002577256731e-06 -1.949438778671654e-06 1.554336770350763e-05 -5.967546910962471e-06 3.1819659440032936e-06 1.0821163947598599e-06 -4.3571063483621954e-06 3.934880303722199e-06 -5.540765058757706e-06 5.288355053482971e-06 1.3216446866415236e-06 5.4317246588540755e-06 5.1932122342277534e-05 -4.5472831854751774e-07 -6.742700980494703e-06 4.385207586579096e-06 -3.3306528446083966e-05 -6.248545139158419e-06 -5.889165815010636e-05 4.175829467159923e-06 2.2353973334159457e-05 -9.499010729180163e-06 1.6699806348916868e-06 -3.100790139372172e-06 -5.605586444874952e-06 8.828243672690036e-07 -2.257153480260661e-06 7.4396468424727776e-06
7.900899742104815e-06 1.936784476776251e-05 1.4081780178181019e-05 7.534808300029046e-06 -3.7694097246915485e-05 2.3965747360176737e-06 7.917807413008569e-07 -6.75628185984333e-06 7.226234700084893e-06 -5.923852174715637e-06 4.317829622495741e-06 -6.196304838558248e-06 -5.2342695531909724e-05 -2.3581880769862534e-05 -0.00014981309055457775 -6.569543048331724e-06 2.415167334847481e-05 -1.1388039420448639e-05 6.834044163900275e-05 4.3054399026658834e-05 0.00014512069671614113 5.495731973704435e-06 -9.499010729180163e-06 3.8596736699899375e-05 -1.8555668290049006e-05 1.1212021735753362e-06 3.919082837820972e-06 3.625338921718514e-06 -3.538142805417238e-06 -1.5340876964210145e-05
-1.1001461406896152e-05 -2.6322530120561716e-05 -1.0560384301168998e-05 9.701779424140586e-06 1.4271540295873975e-07 -8.280960251588889e-06 -7.567817858451242e-06 9.762297936908445e-06 -5.921033102339191e-06 -3.240646334025084e-06 -9.127371164576236e-06 2.6643205378372268e-06 -1.422309681661496e-05 -1.2136954832708241e-05 3.861993006193907e-06 6.561938746649414e-06 -9.470433717146674e-06 4.2604465927632465e-06 -1.6006820693740305e-06 1.004848153147469e-05 -1.193432340151225e-05 -1.4625362595842525e-06 1.6699806348916868e-06 -1.8555668290049006e-05 3.1849884416747384e-05 4.94142289109283e-08 7.772386731185442e-06 7.1706619564369736e-06 5.664201810013146e-06 6.02740091816597e-06
-1.3570521578078508e-05 -2.085035043761168e-06 2.000351960812955e-06 -3.837567441193451e-07 9.743444100086937e-06 5.7298620076236355e-06 8.302366977405338e-07 5.0999975758565405e-06 -6.917127446174157e-06 1.119834351396411e-07 -4.10336877429837e-07 4.061364875996272e-06 1.27611065037007e-05 1.0253112806373748e-05 3.647439062572547e-05 3.088056075914235e-06 -4.4950740257778546e-06 7.191439093536842e-06 -1.9246164107960567e-05 -8.556515483126312e-06 -3.386570942563628e-05 -1.8448343942076469e-06 -3.100790139372172e-06 1.1212021735753362e-06 4.94142289109283e-08 8.275718987382695e-06 1.973775335883218e-06 -6.444115632657069e-07 -7.745356001549653e-07 5.605519469048963e-06
-3.0003814838893596e-06 -1.5821388483189672e-06 -5.163534070183312e-06 -1.2621950253086916e-06 5.317276378961633e-06 -2.5280996581567164e-07 2.807456001104343e-06 3.856869059508228e-06 -5.028335736173461e-06 -1.7462831808227679e-06 -9.14217946654584e-06 2.051759247802699e-06 1.3602534301439941e-05 7.74721120937801e-06 2.2580563588312213e-05 -7.124011519394214e-06 2.7501389267707162e-06 2.0678458858685097e-07 -1.0404783576075696e-05 -7.836621930343177e-06 -2.756759867094355e-05 6.674904505198534e-07 -5.605586444874952e-06 3.919082837820972e-06 7.772386731185442e-06 1.973775335883218e-06 1.56950062202126e-05 -1.0676277066227492e-05 -8.834370152165543e-06 -3.0528409311072985e-06
-3.818571072986749e-05 -2.089327766797471e-05 -1.05276435972315e-05 -1.2697954051968609e-05 8.356457965739115e-06 -3.0703640897083084e-06 -9.613143316249243e-06 -4.746661765937335e-05 3.06287904805901e-05 5.54791322273368e-06 -1.478127236245086e-06 -6.3045774934801094e-06 4.075023311458487e-06 6.883416037878115e-06 6.696841011015632e-05 -6.598356948167023e-06 -1.077050057875245e-05 -2.6792196899231243e-06 -4.2738081101242146e-05 -3.233188419082679e-05 -7.500757848301088e-05 -7.904236074189545e-06 8.828243672690036e-07 3.625338921718514e-06 7.1706619564369736e-06 -6.444115632657069e-07 -1.0676277066227492e-05 2.750347401719563e-05 0.00011540257944412264 -7.724836429583417e-05
1.4672559394963014e-05 -1.1098169119900204e-05 -7.253507626524465e-07 -5.206044741551452e-07 8.46913877120897e-06 1.1491195708193585e-06 -4.646127375188814e-05 -4.605579600211448e-05 4.719620451324397e-05 2.2320426118256145e-06 4.69151882635443e-06 2.7760695276312213e-06 5.5090247430639906e-06 7.601853435653851e-06 4.005115731269219e-05 7.492517359636465e-06 -2.5532436629513283e-06 2.6312193619206136e-06 -1.7812188590589825e-05 -1.2439021739017601e-05 -3.8328481368757486e-05 1.3102310386759767e-06 -2.257153480260661e-06 -3.538142805417238e-06 5.664201810013146e-06 -7.745356001549653e-07 -8.834370152165543e-06 0.00011540257944412264 0.00011194931897748106 -0.00011738675427855498
-7.427806159861094e-07 -1.2511042886184175e-05 -4.559545529402877e-06 -2.3843865687120904e-06 3.1103324104501765e-05 9.552230628634977e-06 3.652812698663372e-05 5.5690032513411916e-05 -2.3830964562399063e-05 -5.900183225717075e-07 7.675929977257234e-06 2.6006475378146247e-06 4.738435299643075e-05 1.857464535478921e-05 0.00011173033612422031 1.6723509816801093e-05 2.619233145000485e-06 9.826564639612244e-06 -3.4161387129448656e-05 -2.608159550467011e-05 -0.00010591313446266647 1.6182665060299736e-06 7.4396468424727776e-06 -1.5340876964210145e-05 6.02740091816597e-06 5.605519469048963e-06 -3.0528409311072985e-06 -7.724836429583417e-05 -0.00011738675427855498 8.825477554969651e-05
